# ImageMagick pixel enumeration: 24,24,255,rgba
0,0: (220,220,220,255)  #DCDCDC  gainsboro
1,0: (222,222,222,255)  #DEDEDE  grey87
2,0: (221,221,221,255)  #DDDDDD  rgba(221,221,221,1)
3,0: (219,219,219,255)  #DBDBDB  grey86
4,0: (220,220,220,255)  #DCDCDC  gainsboro
5,0: (219,219,219,255)  #DBDBDB  grey86
6,0: (217,217,217,255)  #D9D9D9  grey85
7,0: (220,220,220,255)  #DCDCDC  gainsboro
8,0: (229,229,229,255)  #E5E5E5  grey90
9,0: (234,234,234,255)  #EAEAEA  rgba(234,234,234,1)
10,0: (228,228,228,255)  #E4E4E4  rgba(228,228,228,1)
11,0: (220,220,220,255)  #DCDCDC  gainsboro
12,0: (217,217,217,255)  #D9D9D9  grey85
13,0: (219,219,219,255)  #DBDBDB  grey86
14,0: (223,223,223,255)  #DFDFDF  rgba(223,223,223,1)
15,0: (227,227,227,255)  #E3E3E3  grey89
16,0: (229,229,229,255)  #E5E5E5  grey90
17,0: (226,226,226,255)  #E2E2E2  rgba(226,226,226,1)
18,0: (223,223,223,255)  #DFDFDF  rgba(223,223,223,1)
19,0: (223,223,223,255)  #DFDFDF  rgba(223,223,223,1)
20,0: (223,223,223,255)  #DFDFDF  rgba(223,223,223,1)
21,0: (220,220,220,255)  #DCDCDC  gainsboro
22,0: (215,215,215,255)  #D7D7D7  rgba(215,215,215,1)
23,0: (217,217,217,255)  #D9D9D9  grey85
0,1: (156, 42, 23,255)  #9C2A17  rgba(156,42,23,1)
1,1: (160, 43, 23,255)  #A02B17  rgba(160,43,23,1)
2,1: (160, 43, 23,255)  #A02B17  rgba(160,43,23,1)
3,1: (158, 42, 23,255)  #9E2A17  rgba(158,42,23,1)
4,1: (156, 42, 22,255)  #9C2A16  rgba(156,42,22,1)
5,1: (154, 41, 22,255)  #9A2916  rgba(154,41,22,1)
6,1: (185,185,185,255)  #B9B9B9  rgba(185,185,185,1)
7,1: (217,217,217,255)  #D9D9D9  grey85
8,1: (157, 42, 23,255)  #9D2A17  rgba(157,42,23,1)
9,1: (160, 43, 23,255)  #A02B17  rgba(160,43,23,1)
10,1: (158, 42, 23,255)  #9E2A17  rgba(158,42,23,1)
11,1: (152, 41, 22,255)  #982916  rgba(152,41,22,1)
12,1: (149, 40, 22,255)  #952816  rgba(149,40,22,1)
13,1: (150, 40, 22,255)  #962816  rgba(150,40,22,1)
14,1: (153, 41, 22,255)  #992916  rgba(153,41,22,1)
15,1: (158, 42, 23,255)  #9E2A17  rgba(158,42,23,1)
16,1: (162, 43, 23,255)  #A22B17  rgba(162,43,23,1)
17,1: (162, 43, 23,255)  #A22B17  rgba(162,43,23,1)
18,1: (160, 43, 23,255)  #A02B17  rgba(160,43,23,1)
19,1: (157, 42, 23,255)  #9D2A17  rgba(157,42,23,1)
20,1: (156, 42, 22,255)  #9C2A16  rgba(156,42,22,1)
21,1: (156, 42, 23,255)  #9C2A17  rgba(156,42,23,1)
22,1: (155, 41, 22,255)  #9B2916  rgba(155,41,22,1)
23,1: (155, 41, 22,255)  #9B2916  rgba(155,41,22,1)
0,2: (158, 42, 23,255)  #9E2A17  rgba(158,42,23,1)
1,2: (163, 43, 23,255)  #A32B17  rgba(163,43,23,1)
2,2: (164, 44, 24,255)  #A42C18  rgba(164,44,24,1)
3,2: (161, 43, 23,255)  #A12B17  rgba(161,43,23,1)
4,2: (159, 42, 23,255)  #9F2A17  rgba(159,42,23,1)
5,2: (158, 42, 23,255)  #9E2A17  rgba(158,42,23,1)
6,2: (197,197,197,255)  #C5C5C5  rgba(197,197,197,1)
7,2: (220,220,220,255)  #DCDCDC  gainsboro
8,2: (154, 41, 22,255)  #9A2916  rgba(154,41,22,1)
9,2: (156, 42, 22,255)  #9C2A16  rgba(156,42,22,1)
10,2: (156, 42, 22,255)  #9C2A16  rgba(156,42,22,1)
11,2: (153, 41, 22,255)  #992916  rgba(153,41,22,1)
12,2: (149, 40, 22,255)  #952816  rgba(149,40,22,1)
13,2: (148, 40, 22,255)  #942816  rgba(148,40,22,1)
14,2: (149, 40, 22,255)  #952816  rgba(149,40,22,1)
15,2: (152, 40, 22,255)  #982816  rgba(152,40,22,1)
16,2: (158, 42, 23,255)  #9E2A17  rgba(158,42,23,1)
17,2: (163, 44, 24,255)  #A32C18  rgba(163,44,24,1)
18,2: (163, 44, 24,255)  #A32C18  rgba(163,44,24,1)
19,2: (159, 42, 23,255)  #9F2A17  rgba(159,42,23,1)
20,2: (156, 42, 22,255)  #9C2A16  rgba(156,42,22,1)
21,2: (157, 42, 23,255)  #9D2A17  rgba(157,42,23,1)
22,2: (156, 42, 22,255)  #9C2A16  rgba(156,42,22,1)
23,2: (154, 41, 22,255)  #9A2916  rgba(154,41,22,1)
0,3: (158, 42, 23,255)  #9E2A17  rgba(158,42,23,1)
1,3: (162, 43, 23,255)  #A22B17  rgba(162,43,23,1)
2,3: (163, 44, 23,255)  #A32C17  rgba(163,44,23,1)
3,3: (161, 43, 23,255)  #A12B17  rgba(161,43,23,1)
4,3: (160, 43, 23,255)  #A02B17  rgba(160,43,23,1)
5,3: (161, 43, 23,255)  #A12B17  rgba(161,43,23,1)
6,3: (206,206,206,255)  #CECECE  rgba(206,206,206,1)
7,3: (224,224,224,255)  #E0E0E0  grey88
8,3: (154, 41, 22,255)  #9A2916  rgba(154,41,22,1)
9,3: (154, 41, 22,255)  #9A2916  rgba(154,41,22,1)
10,3: (155, 41, 22,255)  #9B2916  rgba(155,41,22,1)
11,3: (156, 41, 22,255)  #9C2916  rgba(156,41,22,1)
12,3: (155, 41, 22,255)  #9B2916  rgba(155,41,22,1)
13,3: (152, 41, 22,255)  #982916  rgba(152,41,22,1)
14,3: (148, 39, 21,255)  #942715  rgba(148,39,21,1)
15,3: (146, 39, 21,255)  #922715  rgba(146,39,21,1)
16,3: (152, 40, 22,255)  #982816  rgba(152,40,22,1)
17,3: (159, 43, 23,255)  #9F2B17  rgba(159,43,23,1)
18,3: (164, 44, 24,255)  #A42C18  rgba(164,44,24,1)
19,3: (162, 43, 23,255)  #A22B17  rgba(162,43,23,1)
20,3: (160, 43, 23,255)  #A02B17  rgba(160,43,23,1)
21,3: (160, 43, 23,255)  #A02B17  rgba(160,43,23,1)
22,3: (158, 42, 23,255)  #9E2A17  rgba(158,42,23,1)
23,3: (154, 41, 22,255)  #9A2916  rgba(154,41,22,1)
0,4: (160, 43, 23,255)  #A02B17  rgba(160,43,23,1)
1,4: (162, 43, 23,255)  #A22B17  rgba(162,43,23,1)
2,4: (163, 44, 24,255)  #A32C18  rgba(163,44,24,1)
3,4: (163, 43, 23,255)  #A32B17  rgba(163,43,23,1)
4,4: (161, 43, 23,255)  #A12B17  rgba(161,43,23,1)
5,4: (160, 43, 23,255)  #A02B17  rgba(160,43,23,1)
6,4: (206,206,206,255)  #CECECE  rgba(206,206,206,1)
7,4: (226,226,226,255)  #E2E2E2  rgba(226,226,226,1)
8,4: (155, 41, 22,255)  #9B2916  rgba(155,41,22,1)
9,4: (153, 41, 22,255)  #992916  rgba(153,41,22,1)
10,4: (155, 41, 22,255)  #9B2916  rgba(155,41,22,1)
11,4: (158, 42, 23,255)  #9E2A17  rgba(158,42,23,1)
12,4: (159, 42, 23,255)  #9F2A17  rgba(159,42,23,1)
13,4: (156, 42, 23,255)  #9C2A17  rgba(156,42,23,1)
14,4: (151, 40, 22,255)  #972816  rgba(151,40,22,1)
15,4: (146, 39, 21,255)  #922715  rgba(146,39,21,1)
16,4: (147, 39, 21,255)  #932715  rgba(147,39,21,1)
17,4: (153, 41, 22,255)  #992916  rgba(153,41,22,1)
18,4: (161, 43, 23,255)  #A12B17  rgba(161,43,23,1)
19,4: (164, 44, 24,255)  #A42C18  rgba(164,44,24,1)
20,4: (164, 44, 24,255)  #A42C18  rgba(164,44,24,1)
21,4: (163, 43, 23,255)  #A32B17  rgba(163,43,23,1)
22,4: (161, 43, 23,255)  #A12B17  rgba(161,43,23,1)
23,4: (158, 42, 23,255)  #9E2A17  rgba(158,42,23,1)
0,5: (159, 42, 23,255)  #9F2A17  rgba(159,42,23,1)
1,5: (160, 43, 23,255)  #A02B17  rgba(160,43,23,1)
2,5: (164, 44, 24,255)  #A42C18  rgba(164,44,24,1)
3,5: (166, 44, 24,255)  #A62C18  rgba(166,44,24,1)
4,5: (162, 43, 23,255)  #A22B17  rgba(162,43,23,1)
5,5: (159, 42, 23,255)  #9F2A17  rgba(159,42,23,1)
6,5: (199,199,199,255)  #C7C7C7  grey78
7,5: (225,225,225,255)  #E1E1E1  rgba(225,225,225,1)
8,5: (156, 42, 23,255)  #9C2A17  rgba(156,42,23,1)
9,5: (156, 42, 22,255)  #9C2A16  rgba(156,42,22,1)
10,5: (158, 42, 23,255)  #9E2A17  rgba(158,42,23,1)
11,5: (158, 42, 23,255)  #9E2A17  rgba(158,42,23,1)
12,5: (159, 42, 23,255)  #9F2A17  rgba(159,42,23,1)
13,5: (158, 42, 23,255)  #9E2A17  rgba(158,42,23,1)
14,5: (156, 42, 22,255)  #9C2A16  rgba(156,42,22,1)
15,5: (152, 40, 22,255)  #982816  rgba(152,40,22,1)
16,5: (148, 40, 21,255)  #942815  rgba(148,40,21,1)
17,5: (150, 40, 22,255)  #962816  rgba(150,40,22,1)
18,5: (159, 42, 23,255)  #9F2A17  rgba(159,42,23,1)
19,5: (163, 44, 24,255)  #A32C18  rgba(163,44,24,1)
20,5: (164, 44, 24,255)  #A42C18  rgba(164,44,24,1)
21,5: (162, 43, 23,255)  #A22B17  rgba(162,43,23,1)
22,5: (162, 43, 23,255)  #A22B17  rgba(162,43,23,1)
23,5: (160, 43, 23,255)  #A02B17  rgba(160,43,23,1)
0,6: (153, 41, 22,255)  #992916  rgba(153,41,22,1)
1,6: (157, 42, 23,255)  #9D2A17  rgba(157,42,23,1)
2,6: (164, 44, 24,255)  #A42C18  rgba(164,44,24,1)
3,6: (167, 44, 24,255)  #A72C18  rgba(167,44,24,1)
4,6: (162, 43, 23,255)  #A22B17  rgba(162,43,23,1)
5,6: (156, 42, 22,255)  #9C2A16  rgba(156,42,22,1)
6,6: (186,186,186,255)  #BABABA  grey73
7,6: (219,219,219,255)  #DBDBDB  grey86
8,6: (155, 41, 22,255)  #9B2916  rgba(155,41,22,1)
9,6: (156, 42, 23,255)  #9C2A17  rgba(156,42,23,1)
10,6: (159, 43, 23,255)  #9F2B17  rgba(159,43,23,1)
11,6: (160, 43, 23,255)  #A02B17  rgba(160,43,23,1)
12,6: (159, 42, 23,255)  #9F2A17  rgba(159,42,23,1)
13,6: (159, 42, 23,255)  #9F2A17  rgba(159,42,23,1)
14,6: (159, 42, 23,255)  #9F2A17  rgba(159,42,23,1)
15,6: (156, 42, 22,255)  #9C2A16  rgba(156,42,22,1)
16,6: (152, 40, 22,255)  #982816  rgba(152,40,22,1)
17,6: (152, 41, 22,255)  #982916  rgba(152,41,22,1)
18,6: (158, 42, 23,255)  #9E2A17  rgba(158,42,23,1)
19,6: (162, 43, 23,255)  #A22B17  rgba(162,43,23,1)
20,6: (163, 43, 23,255)  #A32B17  rgba(163,43,23,1)
21,6: (163, 44, 24,255)  #A32C18  rgba(163,44,24,1)
22,6: (162, 43, 23,255)  #A22B17  rgba(162,43,23,1)
23,6: (160, 43, 23,255)  #A02B17  rgba(160,43,23,1)
0,7: (153, 41, 22,255)  #992916  rgba(153,41,22,1)
1,7: (156, 42, 23,255)  #9C2A17  rgba(156,42,23,1)
2,7: (161, 43, 23,255)  #A12B17  rgba(161,43,23,1)
3,7: (163, 44, 24,255)  #A32C18  rgba(163,44,24,1)
4,7: (159, 42, 23,255)  #9F2A17  rgba(159,42,23,1)
5,7: (152, 40, 22,255)  #982816  rgba(152,40,22,1)
6,7: (176,176,176,255)  #B0B0B0  grey69
7,7: (212,212,212,255)  #D4D4D4  grey83
8,7: (150, 40, 22,255)  #962816  rgba(150,40,22,1)
9,7: (153, 41, 22,255)  #992916  rgba(153,41,22,1)
10,7: (159, 42, 23,255)  #9F2A17  rgba(159,42,23,1)
11,7: (162, 43, 23,255)  #A22B17  rgba(162,43,23,1)
12,7: (161, 43, 23,255)  #A12B17  rgba(161,43,23,1)
13,7: (160, 43, 23,255)  #A02B17  rgba(160,43,23,1)
14,7: (161, 43, 23,255)  #A12B17  rgba(161,43,23,1)
15,7: (157, 42, 23,255)  #9D2A17  rgba(157,42,23,1)
16,7: (153, 41, 22,255)  #992916  rgba(153,41,22,1)
17,7: (154, 41, 22,255)  #9A2916  rgba(154,41,22,1)
18,7: (156, 42, 22,255)  #9C2A16  rgba(156,42,22,1)
19,7: (158, 42, 23,255)  #9E2A17  rgba(158,42,23,1)
20,7: (162, 43, 23,255)  #A22B17  rgba(162,43,23,1)
21,7: (165, 44, 24,255)  #A52C18  rgba(165,44,24,1)
22,7: (165, 44, 24,255)  #A52C18  rgba(165,44,24,1)
23,7: (164, 44, 24,255)  #A42C18  rgba(164,44,24,1)
0,8: (158, 42, 23,255)  #9E2A17  rgba(158,42,23,1)
1,8: (158, 42, 23,255)  #9E2A17  rgba(158,42,23,1)
2,8: (157, 42, 23,255)  #9D2A17  rgba(157,42,23,1)
3,8: (156, 42, 22,255)  #9C2A16  rgba(156,42,22,1)
4,8: (154, 41, 22,255)  #9A2916  rgba(154,41,22,1)
5,8: (150, 40, 22,255)  #962816  rgba(150,40,22,1)
6,8: (175,175,175,255)  #AFAFAF  rgba(175,175,175,1)
7,8: (211,211,211,255)  #D3D3D3  LightGray
8,8: (149, 40, 22,255)  #952816  rgba(149,40,22,1)
9,8: (152, 40, 22,255)  #982816  rgba(152,40,22,1)
10,8: (159, 42, 23,255)  #9F2A17  rgba(159,42,23,1)
11,8: (164, 44, 24,255)  #A42C18  rgba(164,44,24,1)
12,8: (163, 44, 24,255)  #A32C18  rgba(163,44,24,1)
13,8: (162, 43, 23,255)  #A22B17  rgba(162,43,23,1)
14,8: (161, 43, 23,255)  #A12B17  rgba(161,43,23,1)
15,8: (157, 42, 23,255)  #9D2A17  rgba(157,42,23,1)
16,8: (153, 41, 22,255)  #992916  rgba(153,41,22,1)
17,8: (154, 41, 22,255)  #9A2916  rgba(154,41,22,1)
18,8: (154, 41, 22,255)  #9A2916  rgba(154,41,22,1)
19,8: (155, 41, 22,255)  #9B2916  rgba(155,41,22,1)
20,8: (159, 42, 23,255)  #9F2A17  rgba(159,42,23,1)
21,8: (163, 44, 24,255)  #A32C18  rgba(163,44,24,1)
22,8: (166, 44, 24,255)  #A62C18  rgba(166,44,24,1)
23,8: (168, 45, 24,255)  #A82D18  rgba(168,45,24,1)
0,9: (162, 43, 23,255)  #A22B17  rgba(162,43,23,1)
1,9: (159, 43, 23,255)  #9F2B17  rgba(159,43,23,1)
2,9: (154, 41, 22,255)  #9A2916  rgba(154,41,22,1)
3,9: (151, 40, 22,255)  #972816  rgba(151,40,22,1)
4,9: (152, 40, 22,255)  #982816  rgba(152,40,22,1)
5,9: (153, 41, 22,255)  #992916  rgba(153,41,22,1)
6,9: (186,186,186,255)  #BABABA  grey73
7,9: (217,217,217,255)  #D9D9D9  grey85
8,9: (151, 40, 22,255)  #972816  rgba(151,40,22,1)
9,9: (151, 40, 22,255)  #972816  rgba(151,40,22,1)
10,9: (156, 42, 22,255)  #9C2A16  rgba(156,42,22,1)
11,9: (160, 43, 23,255)  #A02B17  rgba(160,43,23,1)
12,9: (162, 43, 23,255)  #A22B17  rgba(162,43,23,1)
13,9: (163, 44, 24,255)  #A32C18  rgba(163,44,24,1)
14,9: (163, 43, 23,255)  #A32B17  rgba(163,43,23,1)
15,9: (159, 42, 23,255)  #9F2A17  rgba(159,42,23,1)
16,9: (156, 42, 22,255)  #9C2A16  rgba(156,42,22,1)
17,9: (156, 41, 22,255)  #9C2916  rgba(156,41,22,1)
18,9: (155, 41, 22,255)  #9B2916  rgba(155,41,22,1)
19,9: (155, 41, 22,255)  #9B2916  rgba(155,41,22,1)
20,9: (156, 42, 23,255)  #9C2A17  rgba(156,42,23,1)
21,9: (160, 43, 23,255)  #A02B17  rgba(160,43,23,1)
22,9: (163, 44, 24,255)  #A32C18  rgba(163,44,24,1)
23,9: (167, 44, 24,255)  #A72C18  rgba(167,44,24,1)
0,10: (161, 43, 23,255)  #A12B17  rgba(161,43,23,1)
1,10: (159, 43, 23,255)  #9F2B17  rgba(159,43,23,1)
2,10: (154, 41, 22,255)  #9A2916  rgba(154,41,22,1)
3,10: (151, 40, 22,255)  #972816  rgba(151,40,22,1)
4,10: (153, 41, 22,255)  #992916  rgba(153,41,22,1)
5,10: (156, 42, 22,255)  #9C2A16  rgba(156,42,22,1)
6,10: (197,197,197,255)  #C5C5C5  rgba(197,197,197,1)
7,10: (223,223,223,255)  #DFDFDF  rgba(223,223,223,1)
8,10: (153, 41, 22,255)  #992916  rgba(153,41,22,1)
9,10: (150, 40, 22,255)  #962816  rgba(150,40,22,1)
10,10: (150, 40, 22,255)  #962816  rgba(150,40,22,1)
11,10: (154, 41, 22,255)  #9A2916  rgba(154,41,22,1)
12,10: (160, 43, 23,255)  #A02B17  rgba(160,43,23,1)
13,10: (164, 44, 24,255)  #A42C18  rgba(164,44,24,1)
14,10: (164, 44, 24,255)  #A42C18  rgba(164,44,24,1)
15,10: (162, 43, 23,255)  #A22B17  rgba(162,43,23,1)
16,10: (160, 43, 23,255)  #A02B17  rgba(160,43,23,1)
17,10: (159, 42, 23,255)  #9F2A17  rgba(159,42,23,1)
18,10: (158, 42, 23,255)  #9E2A17  rgba(158,42,23,1)
19,10: (156, 42, 23,255)  #9C2A17  rgba(156,42,23,1)
20,10: (156, 42, 23,255)  #9C2A17  rgba(156,42,23,1)
21,10: (159, 42, 23,255)  #9F2A17  rgba(159,42,23,1)
22,10: (162, 43, 23,255)  #A22B17  rgba(162,43,23,1)
23,10: (162, 43, 23,255)  #A22B17  rgba(162,43,23,1)
0,11: (199,199,199,255)  #C7C7C7  grey78
1,11: (199,199,199,255)  #C7C7C7  grey78
2,11: (193,193,193,255)  #C1C1C1  rgba(193,193,193,1)
3,11: (192,192,192,255)  #C0C0C0  silver
4,11: (195,195,195,255)  #C3C3C3  rgba(195,195,195,1)
5,11: (197,197,197,255)  #C5C5C5  rgba(197,197,197,1)
6,11: (199,199,199,255)  #C7C7C7  grey78
7,11: (224,224,224,255)  #E0E0E0  grey88
8,11: (192,192,192,255)  #C0C0C0  silver
9,11: (181,181,181,255)  #B5B5B5  grey71
10,11: (173,173,173,255)  #ADADAD  grey68
11,11: (178,178,178,255)  #B2B2B2  rgba(178,178,178,1)
12,11: (199,199,199,255)  #C7C7C7  grey78
13,11: (209,209,209,255)  #D1D1D1  grey82
14,11: (211,211,211,255)  #D3D3D3  LightGray
15,11: (207,207,207,255)  #CFCFCF  grey81
16,11: (206,206,206,255)  #CECECE  rgba(206,206,206,1)
17,11: (200,200,200,255)  #C8C8C8  rgba(200,200,200,1)
18,11: (199,199,199,255)  #C7C7C7  grey78
19,11: (195,195,195,255)  #C3C3C3  rgba(195,195,195,1)
20,11: (193,193,193,255)  #C1C1C1  rgba(193,193,193,1)
21,11: (199,199,199,255)  #C7C7C7  grey78
22,11: (202,202,202,255)  #CACACA  rgba(202,202,202,1)
23,11: (199,199,199,255)  #C7C7C7  grey78
0,12: (218,218,218,255)  #DADADA  rgba(218,218,218,1)
1,12: (219,219,219,255)  #DBDBDB  grey86
2,12: (222,222,222,255)  #DEDEDE  grey87
3,12: (227,227,227,255)  #E3E3E3  grey89
4,12: (229,229,229,255)  #E5E5E5  grey90
5,12: (227,227,227,255)  #E3E3E3  grey89
6,12: (225,225,225,255)  #E1E1E1  rgba(225,225,225,1)
7,12: (226,226,226,255)  #E2E2E2  rgba(226,226,226,1)
8,12: (225,225,225,255)  #E1E1E1  rgba(225,225,225,1)
9,12: (221,221,221,255)  #DDDDDD  rgba(221,221,221,1)
10,12: (216,216,216,255)  #D8D8D8  rgba(216,216,216,1)
11,12: (216,216,216,255)  #D8D8D8  rgba(216,216,216,1)
12,12: (225,225,225,255)  #E1E1E1  rgba(225,225,225,1)
13,12: (231,231,231,255)  #E7E7E7  rgba(231,231,231,1)
14,12: (229,229,229,255)  #E5E5E5  grey90
15,12: (226,226,226,255)  #E2E2E2  rgba(226,226,226,1)
16,12: (226,226,226,255)  #E2E2E2  rgba(226,226,226,1)
17,12: (226,226,226,255)  #E2E2E2  rgba(226,226,226,1)
18,12: (226,226,226,255)  #E2E2E2  rgba(226,226,226,1)
19,12: (225,225,225,255)  #E1E1E1  rgba(225,225,225,1)
20,12: (224,224,224,255)  #E0E0E0  grey88
21,12: (226,226,226,255)  #E2E2E2  rgba(226,226,226,1)
22,12: (226,226,226,255)  #E2E2E2  rgba(226,226,226,1)
23,12: (224,224,224,255)  #E0E0E0  grey88
0,13: (150, 40, 22,255)  #962816  rgba(150,40,22,1)
1,13: (149, 40, 22,255)  #952816  rgba(149,40,22,1)
2,13: (153, 41, 22,255)  #992916  rgba(153,41,22,1)
3,13: (161, 43, 23,255)  #A12B17  rgba(161,43,23,1)
4,13: (164, 44, 24,255)  #A42C18  rgba(164,44,24,1)
5,13: (164, 44, 24,255)  #A42C18  rgba(164,44,24,1)
6,13: (163, 43, 23,255)  #A32B17  rgba(163,43,23,1)
7,13: (162, 43, 23,255)  #A22B17  rgba(162,43,23,1)
8,13: (160, 43, 23,255)  #A02B17  rgba(160,43,23,1)
9,13: (158, 42, 23,255)  #9E2A17  rgba(158,42,23,1)
10,13: (156, 41, 22,255)  #9C2916  rgba(156,41,22,1)
11,13: (154, 41, 22,255)  #9A2916  rgba(154,41,22,1)
12,13: (158, 42, 23,255)  #9E2A17  rgba(158,42,23,1)
13,13: (163, 44, 24,255)  #A32C18  rgba(163,44,24,1)
14,13: (162, 43, 23,255)  #A22B17  rgba(162,43,23,1)
15,13: (158, 42, 23,255)  #9E2A17  rgba(158,42,23,1)
16,13: (158, 42, 23,255)  #9E2A17  rgba(158,42,23,1)
17,13: (160, 43, 23,255)  #A02B17  rgba(160,43,23,1)
18,13: (204,204,204,255)  #CCCCCC  grey80
19,13: (227,227,227,255)  #E3E3E3  grey89
20,13: (160, 43, 23,255)  #A02B17  rgba(160,43,23,1)
21,13: (160, 43, 23,255)  #A02B17  rgba(160,43,23,1)
22,13: (159, 42, 23,255)  #9F2A17  rgba(159,42,23,1)
23,13: (156, 42, 22,255)  #9C2A16  rgba(156,42,22,1)
0,14: (150, 40, 22,255)  #962816  rgba(150,40,22,1)
1,14: (147, 39, 21,255)  #932715  rgba(147,39,21,1)
2,14: (150, 40, 22,255)  #962816  rgba(150,40,22,1)
3,14: (158, 42, 23,255)  #9E2A17  rgba(158,42,23,1)
4,14: (164, 44, 24,255)  #A42C18  rgba(164,44,24,1)
5,14: (167, 45, 24,255)  #A72D18  rgba(167,45,24,1)
6,14: (168, 45, 24,255)  #A82D18  rgba(168,45,24,1)
7,14: (166, 44, 24,255)  #A62C18  rgba(166,44,24,1)
8,14: (160, 43, 23,255)  #A02B17  rgba(160,43,23,1)
9,14: (158, 42, 23,255)  #9E2A17  rgba(158,42,23,1)
10,14: (156, 42, 22,255)  #9C2A16  rgba(156,42,22,1)
11,14: (153, 41, 22,255)  #992916  rgba(153,41,22,1)
12,14: (156, 42, 22,255)  #9C2A16  rgba(156,42,22,1)
13,14: (163, 43, 23,255)  #A32B17  rgba(163,43,23,1)
14,14: (164, 44, 24,255)  #A42C18  rgba(164,44,24,1)
15,14: (160, 43, 23,255)  #A02B17  rgba(160,43,23,1)
16,14: (158, 42, 23,255)  #9E2A17  rgba(158,42,23,1)
17,14: (158, 42, 23,255)  #9E2A17  rgba(158,42,23,1)
18,14: (199,199,199,255)  #C7C7C7  grey78
19,14: (225,225,225,255)  #E1E1E1  rgba(225,225,225,1)
20,14: (159, 42, 23,255)  #9F2A17  rgba(159,42,23,1)
21,14: (160, 43, 23,255)  #A02B17  rgba(160,43,23,1)
22,14: (157, 42, 23,255)  #9D2A17  rgba(157,42,23,1)
23,14: (153, 41, 22,255)  #992916  rgba(153,41,22,1)
0,15: (155, 41, 22,255)  #9B2916  rgba(155,41,22,1)
1,15: (152, 41, 22,255)  #982916  rgba(152,41,22,1)
2,15: (152, 40, 22,255)  #982816  rgba(152,40,22,1)
3,15: (156, 41, 22,255)  #9C2916  rgba(156,41,22,1)
4,15: (160, 43, 23,255)  #A02B17  rgba(160,43,23,1)
5,15: (166, 44, 24,255)  #A62C18  rgba(166,44,24,1)
6,15: (170, 45, 25,255)  #AA2D19  rgba(170,45,25,1)
7,15: (168, 45, 24,255)  #A82D18  rgba(168,45,24,1)
8,15: (163, 43, 23,255)  #A32B17  rgba(163,43,23,1)
9,15: (159, 43, 23,255)  #9F2B17  rgba(159,43,23,1)
10,15: (157, 42, 23,255)  #9D2A17  rgba(157,42,23,1)
11,15: (154, 41, 22,255)  #9A2916  rgba(154,41,22,1)
12,15: (156, 42, 22,255)  #9C2A16  rgba(156,42,22,1)
13,15: (162, 43, 23,255)  #A22B17  rgba(162,43,23,1)
14,15: (163, 44, 24,255)  #A32C18  rgba(163,44,24,1)
15,15: (161, 43, 23,255)  #A12B17  rgba(161,43,23,1)
16,15: (158, 42, 23,255)  #9E2A17  rgba(158,42,23,1)
17,15: (154, 41, 22,255)  #9A2916  rgba(154,41,22,1)
18,15: (185,185,185,255)  #B9B9B9  rgba(185,185,185,1)
19,15: (220,220,220,255)  #DCDCDC  gainsboro
20,15: (158, 42, 23,255)  #9E2A17  rgba(158,42,23,1)
21,15: (159, 42, 23,255)  #9F2A17  rgba(159,42,23,1)
22,15: (156, 42, 22,255)  #9C2A16  rgba(156,42,22,1)
23,15: (153, 41, 22,255)  #992916  rgba(153,41,22,1)
0,16: (159, 42, 23,255)  #9F2A17  rgba(159,42,23,1)
1,16: (159, 42, 23,255)  #9F2A17  rgba(159,42,23,1)
2,16: (157, 42, 23,255)  #9D2A17  rgba(157,42,23,1)
3,16: (156, 41, 22,255)  #9C2916  rgba(156,41,22,1)
4,16: (156, 41, 22,255)  #9C2916  rgba(156,41,22,1)
5,16: (159, 42, 23,255)  #9F2A17  rgba(159,42,23,1)
6,16: (165, 44, 24,255)  #A52C18  rgba(165,44,24,1)
7,16: (166, 44, 24,255)  #A62C18  rgba(166,44,24,1)
8,16: (163, 43, 23,255)  #A32B17  rgba(163,43,23,1)
9,16: (160, 43, 23,255)  #A02B17  rgba(160,43,23,1)
10,16: (159, 42, 23,255)  #9F2A17  rgba(159,42,23,1)
11,16: (157, 42, 23,255)  #9D2A17  rgba(157,42,23,1)
12,16: (158, 42, 23,255)  #9E2A17  rgba(158,42,23,1)
13,16: (160, 43, 23,255)  #A02B17  rgba(160,43,23,1)
14,16: (160, 43, 23,255)  #A02B17  rgba(160,43,23,1)
15,16: (161, 43, 23,255)  #A12B17  rgba(161,43,23,1)
16,16: (159, 42, 23,255)  #9F2A17  rgba(159,42,23,1)
17,16: (154, 41, 22,255)  #9A2916  rgba(154,41,22,1)
18,16: (183,183,183,255)  #B7B7B7  rgba(183,183,183,1)
19,16: (223,223,223,255)  #DFDFDF  rgba(223,223,223,1)
20,16: (162, 43, 23,255)  #A22B17  rgba(162,43,23,1)
21,16: (162, 43, 23,255)  #A22B17  rgba(162,43,23,1)
22,16: (158, 42, 23,255)  #9E2A17  rgba(158,42,23,1)
23,16: (156, 42, 22,255)  #9C2A16  rgba(156,42,22,1)
0,17: (159, 42, 23,255)  #9F2A17  rgba(159,42,23,1)
1,17: (162, 43, 23,255)  #A22B17  rgba(162,43,23,1)
2,17: (162, 43, 23,255)  #A22B17  rgba(162,43,23,1)
3,17: (158, 42, 23,255)  #9E2A17  rgba(158,42,23,1)
4,17: (153, 41, 22,255)  #992916  rgba(153,41,22,1)
5,17: (153, 41, 22,255)  #992916  rgba(153,41,22,1)
6,17: (159, 42, 23,255)  #9F2A17  rgba(159,42,23,1)
7,17: (161, 43, 23,255)  #A12B17  rgba(161,43,23,1)
8,17: (159, 42, 23,255)  #9F2A17  rgba(159,42,23,1)
9,17: (157, 42, 23,255)  #9D2A17  rgba(157,42,23,1)
10,17: (157, 42, 23,255)  #9D2A17  rgba(157,42,23,1)
11,17: (157, 42, 23,255)  #9D2A17  rgba(157,42,23,1)
12,17: (159, 42, 23,255)  #9F2A17  rgba(159,42,23,1)
13,17: (159, 42, 23,255)  #9F2A17  rgba(159,42,23,1)
14,17: (159, 42, 23,255)  #9F2A17  rgba(159,42,23,1)
15,17: (160, 43, 23,255)  #A02B17  rgba(160,43,23,1)
16,17: (160, 43, 23,255)  #A02B17  rgba(160,43,23,1)
17,17: (158, 42, 23,255)  #9E2A17  rgba(158,42,23,1)
18,17: (199,199,199,255)  #C7C7C7  grey78
19,17: (233,233,233,255)  #E9E9E9  rgba(233,233,233,1)
20,17: (169, 45, 24,255)  #A92D18  rgba(169,45,24,1)
21,17: (167, 44, 24,255)  #A72C18  rgba(167,44,24,1)
22,17: (162, 43, 23,255)  #A22B17  rgba(162,43,23,1)
23,17: (158, 42, 23,255)  #9E2A17  rgba(158,42,23,1)
0,18: (160, 43, 23,255)  #A02B17  rgba(160,43,23,1)
1,18: (163, 44, 24,255)  #A32C18  rgba(163,44,24,1)
2,18: (164, 44, 24,255)  #A42C18  rgba(164,44,24,1)
3,18: (162, 43, 23,255)  #A22B17  rgba(162,43,23,1)
4,18: (155, 41, 22,255)  #9B2916  rgba(155,41,22,1)
5,18: (152, 41, 22,255)  #982916  rgba(152,41,22,1)
6,18: (156, 41, 22,255)  #9C2916  rgba(156,41,22,1)
7,18: (158, 42, 23,255)  #9E2A17  rgba(158,42,23,1)
8,18: (157, 42, 23,255)  #9D2A17  rgba(157,42,23,1)
9,18: (156, 41, 22,255)  #9C2916  rgba(156,41,22,1)
10,18: (156, 42, 22,255)  #9C2A16  rgba(156,42,22,1)
11,18: (156, 42, 22,255)  #9C2A16  rgba(156,42,22,1)
12,18: (157, 42, 23,255)  #9D2A17  rgba(157,42,23,1)
13,18: (158, 42, 23,255)  #9E2A17  rgba(158,42,23,1)
14,18: (159, 42, 23,255)  #9F2A17  rgba(159,42,23,1)
15,18: (162, 43, 23,255)  #A22B17  rgba(162,43,23,1)
16,18: (162, 43, 23,255)  #A22B17  rgba(162,43,23,1)
17,18: (161, 43, 23,255)  #A12B17  rgba(161,43,23,1)
18,18: (204,204,204,255)  #CCCCCC  grey80
19,18: (236,236,236,255)  #ECECEC  rgba(236,236,236,1)
20,18: (170, 45, 25,255)  #AA2D19  rgba(170,45,25,1)
21,18: (169, 45, 24,255)  #A92D18  rgba(169,45,24,1)
22,18: (164, 44, 24,255)  #A42C18  rgba(164,44,24,1)
23,18: (159, 42, 23,255)  #9F2A17  rgba(159,42,23,1)
0,19: (164, 44, 24,255)  #A42C18  rgba(164,44,24,1)
1,19: (164, 44, 24,255)  #A42C18  rgba(164,44,24,1)
2,19: (164, 44, 24,255)  #A42C18  rgba(164,44,24,1)
3,19: (161, 43, 23,255)  #A12B17  rgba(161,43,23,1)
4,19: (156, 41, 22,255)  #9C2916  rgba(156,41,22,1)
5,19: (151, 40, 22,255)  #972816  rgba(151,40,22,1)
6,19: (152, 40, 22,255)  #982816  rgba(152,40,22,1)
7,19: (156, 42, 23,255)  #9C2A17  rgba(156,42,23,1)
8,19: (157, 42, 23,255)  #9D2A17  rgba(157,42,23,1)
9,19: (157, 42, 23,255)  #9D2A17  rgba(157,42,23,1)
10,19: (158, 42, 23,255)  #9E2A17  rgba(158,42,23,1)
11,19: (159, 42, 23,255)  #9F2A17  rgba(159,42,23,1)
12,19: (161, 43, 23,255)  #A12B17  rgba(161,43,23,1)
13,19: (161, 43, 23,255)  #A12B17  rgba(161,43,23,1)
14,19: (162, 43, 23,255)  #A22B17  rgba(162,43,23,1)
15,19: (164, 44, 24,255)  #A42C18  rgba(164,44,24,1)
16,19: (164, 44, 24,255)  #A42C18  rgba(164,44,24,1)
17,19: (161, 43, 23,255)  #A12B17  rgba(161,43,23,1)
18,19: (202,202,202,255)  #CACACA  rgba(202,202,202,1)
19,19: (231,231,231,255)  #E7E7E7  rgba(231,231,231,1)
20,19: (166, 44, 24,255)  #A62C18  rgba(166,44,24,1)
21,19: (167, 44, 24,255)  #A72C18  rgba(167,44,24,1)
22,19: (166, 44, 24,255)  #A62C18  rgba(166,44,24,1)
23,19: (162, 43, 23,255)  #A22B17  rgba(162,43,23,1)
0,20: (163, 43, 23,255)  #A32B17  rgba(163,43,23,1)
1,20: (162, 43, 23,255)  #A22B17  rgba(162,43,23,1)
2,20: (160, 43, 23,255)  #A02B17  rgba(160,43,23,1)
3,20: (157, 42, 23,255)  #9D2A17  rgba(157,42,23,1)
4,20: (152, 41, 22,255)  #982916  rgba(152,41,22,1)
5,20: (148, 40, 21,255)  #942815  rgba(148,40,21,1)
6,20: (149, 40, 22,255)  #952816  rgba(149,40,22,1)
7,20: (154, 41, 22,255)  #9A2916  rgba(154,41,22,1)
8,20: (157, 42, 23,255)  #9D2A17  rgba(157,42,23,1)
9,20: (157, 42, 23,255)  #9D2A17  rgba(157,42,23,1)
10,20: (159, 43, 23,255)  #9F2B17  rgba(159,43,23,1)
11,20: (164, 44, 24,255)  #A42C18  rgba(164,44,24,1)
12,20: (167, 44, 24,255)  #A72C18  rgba(167,44,24,1)
13,20: (166, 44, 24,255)  #A62C18  rgba(166,44,24,1)
14,20: (165, 44, 24,255)  #A52C18  rgba(165,44,24,1)
15,20: (167, 44, 24,255)  #A72C18  rgba(167,44,24,1)
16,20: (166, 44, 24,255)  #A62C18  rgba(166,44,24,1)
17,20: (162, 43, 23,255)  #A22B17  rgba(162,43,23,1)
18,20: (200,200,200,255)  #C8C8C8  rgba(200,200,200,1)
19,20: (226,226,226,255)  #E2E2E2  rgba(226,226,226,1)
20,20: (159, 42, 23,255)  #9F2A17  rgba(159,42,23,1)
21,20: (159, 42, 23,255)  #9F2A17  rgba(159,42,23,1)
22,20: (162, 43, 23,255)  #A22B17  rgba(162,43,23,1)
23,20: (163, 43, 23,255)  #A32B17  rgba(163,43,23,1)
0,21: (160, 43, 23,255)  #A02B17  rgba(160,43,23,1)
1,21: (160, 43, 23,255)  #A02B17  rgba(160,43,23,1)
2,21: (159, 42, 23,255)  #9F2A17  rgba(159,42,23,1)
3,21: (158, 42, 23,255)  #9E2A17  rgba(158,42,23,1)
4,21: (153, 41, 22,255)  #992916  rgba(153,41,22,1)
5,21: (148, 39, 21,255)  #942715  rgba(148,39,21,1)
6,21: (147, 39, 21,255)  #932715  rgba(147,39,21,1)
7,21: (151, 40, 22,255)  #972816  rgba(151,40,22,1)
8,21: (155, 41, 22,255)  #9B2916  rgba(155,41,22,1)
9,21: (157, 42, 23,255)  #9D2A17  rgba(157,42,23,1)
10,21: (160, 43, 23,255)  #A02B17  rgba(160,43,23,1)
11,21: (164, 44, 24,255)  #A42C18  rgba(164,44,24,1)
12,21: (167, 44, 24,255)  #A72C18  rgba(167,44,24,1)
13,21: (166, 44, 24,255)  #A62C18  rgba(166,44,24,1)
14,21: (166, 44, 24,255)  #A62C18  rgba(166,44,24,1)
15,21: (168, 45, 24,255)  #A82D18  rgba(168,45,24,1)
16,21: (168, 45, 24,255)  #A82D18  rgba(168,45,24,1)
17,21: (164, 44, 24,255)  #A42C18  rgba(164,44,24,1)
18,21: (206,206,206,255)  #CECECE  rgba(206,206,206,1)
19,21: (226,226,226,255)  #E2E2E2  rgba(226,226,226,1)
20,21: (154, 41, 22,255)  #9A2916  rgba(154,41,22,1)
21,21: (150, 40, 22,255)  #962816  rgba(150,40,22,1)
22,21: (155, 41, 22,255)  #9B2916  rgba(155,41,22,1)
23,21: (161, 43, 23,255)  #A12B17  rgba(161,43,23,1)
0,22: (159, 42, 23,255)  #9F2A17  rgba(159,42,23,1)
1,22: (160, 43, 23,255)  #A02B17  rgba(160,43,23,1)
2,22: (161, 43, 23,255)  #A12B17  rgba(161,43,23,1)
3,22: (161, 43, 23,255)  #A12B17  rgba(161,43,23,1)
4,22: (157, 42, 23,255)  #9D2A17  rgba(157,42,23,1)
5,22: (153, 41, 22,255)  #992916  rgba(153,41,22,1)
6,22: (151, 40, 22,255)  #972816  rgba(151,40,22,1)
7,22: (151, 40, 22,255)  #972816  rgba(151,40,22,1)
8,22: (154, 41, 22,255)  #9A2916  rgba(154,41,22,1)
9,22: (159, 42, 23,255)  #9F2A17  rgba(159,42,23,1)
10,22: (161, 43, 23,255)  #A12B17  rgba(161,43,23,1)
11,22: (161, 43, 23,255)  #A12B17  rgba(161,43,23,1)
12,22: (162, 43, 23,255)  #A22B17  rgba(162,43,23,1)
13,22: (163, 43, 23,255)  #A32B17  rgba(163,43,23,1)
14,22: (164, 44, 24,255)  #A42C18  rgba(164,44,24,1)
15,22: (167, 44, 24,255)  #A72C18  rgba(167,44,24,1)
16,22: (167, 44, 24,255)  #A72C18  rgba(167,44,24,1)
17,22: (163, 44, 24,255)  #A32C18  rgba(163,44,24,1)
18,22: (204,204,204,255)  #CCCCCC  grey80
19,22: (225,225,225,255)  #E1E1E1  rgba(225,225,225,1)
20,22: (152, 40, 22,255)  #982816  rgba(152,40,22,1)
21,22: (146, 39, 21,255)  #922715  rgba(146,39,21,1)
22,22: (149, 40, 22,255)  #952816  rgba(149,40,22,1)
23,22: (157, 42, 23,255)  #9D2A17  rgba(157,42,23,1)
0,23: (199,199,199,255)  #C7C7C7  grey78
1,23: (199,199,199,255)  #C7C7C7  grey78
2,23: (193,193,193,255)  #C1C1C1  rgba(193,193,193,1)
3,23: (193,193,193,255)  #C1C1C1  rgba(193,193,193,1)
4,23: (200,200,200,255)  #C8C8C8  rgba(200,200,200,1)
5,23: (202,202,202,255)  #CACACA  rgba(202,202,202,1)
6,23: (199,199,199,255)  #C7C7C7  grey78
7,23: (202,202,202,255)  #CACACA  rgba(202,202,202,1)
8,23: (213,213,213,255)  #D5D5D5  rgba(213,213,213,1)
9,23: (217,217,217,255)  #D9D9D9  grey85
10,23: (207,207,207,255)  #CFCFCF  grey81
11,23: (199,199,199,255)  #C7C7C7  grey78
12,23: (199,199,199,255)  #C7C7C7  grey78
13,23: (199,199,199,255)  #C7C7C7  grey78
14,23: (193,193,193,255)  #C1C1C1  rgba(193,193,193,1)
15,23: (192,192,192,255)  #C0C0C0  silver
16,23: (195,195,195,255)  #C3C3C3  rgba(195,195,195,1)
17,23: (197,197,197,255)  #C5C5C5  rgba(197,197,197,1)
18,23: (199,199,199,255)  #C7C7C7  grey78
19,23: (224,224,224,255)  #E0E0E0  grey88
20,23: (192,192,192,255)  #C0C0C0  silver
21,23: (181,181,181,255)  #B5B5B5  grey71
22,23: (173,173,173,255)  #ADADAD  grey68
23,23: (178,178,178,255)  #B2B2B2  rgba(178,178,178,1)
