# ImageMagick pixel enumeration: 24,24,255,rgba
0,0: (255,255,255,255)  #FFFFFF  white
1,0: (255,255,255,255)  #FFFFFF  white
2,0: (255,255,255,255)  #FFFFFF  white
3,0: (255,255,255,255)  #FFFFFF  white
4,0: (255,255,255,255)  #FFFFFF  white
5,0: (255,255,255,255)  #FFFFFF  white
6,0: (255,255,255,255)  #FFFFFF  white
7,0: (255,255,255,255)  #FFFFFF  white
8,0: (255,255,255,255)  #FFFFFF  white
9,0: (255,255,255,255)  #FFFFFF  white
10,0: (255,255,255,255)  #FFFFFF  white
11,0: (255,255,255,255)  #FFFFFF  white
12,0: (255,255,255,255)  #FFFFFF  white
13,0: (255,255,255,255)  #FFFFFF  white
14,0: (255,255,255,255)  #FFFFFF  white
15,0: (255,255,255,255)  #FFFFFF  white
16,0: (255,255,255,255)  #FFFFFF  white
17,0: (255,255,255,255)  #FFFFFF  white
18,0: (255,255,255,255)  #FFFFFF  white
19,0: (255,255,255,255)  #FFFFFF  white
20,0: (255,255,255,255)  #FFFFFF  white
21,0: (255,255,255,255)  #FFFFFF  white
22,0: (255,255,255,255)  #FFFFFF  white
23,0: (255,255,255,255)  #FFFFFF  white
0,1: (254,254,254,255)  #FEFEFE  rgba(254,254,254,1)
1,1: (253,253,254,255)  #FDFDFE  rgba(253,253,254,1)
2,1: (253,253,254,255)  #FDFDFE  rgba(253,253,254,1)
3,1: (253,253,254,255)  #FDFDFE  rgba(253,253,254,1)
4,1: (253,253,254,255)  #FDFDFE  rgba(253,253,254,1)
5,1: (253,253,254,255)  #FDFDFE  rgba(253,253,254,1)
6,1: (254,254,254,255)  #FEFEFE  rgba(254,254,254,1)
7,1: (254,254,254,255)  #FEFEFE  rgba(254,254,254,1)
8,1: (254,254,254,255)  #FEFEFE  rgba(254,254,254,1)
9,1: (254,254,254,255)  #FEFEFE  rgba(254,254,254,1)
10,1: (254,254,254,255)  #FEFEFE  rgba(254,254,254,1)
11,1: (254,254,254,255)  #FEFEFE  rgba(254,254,254,1)
12,1: (254,254,254,255)  #FEFEFE  rgba(254,254,254,1)
13,1: (254,254,254,255)  #FEFEFE  rgba(254,254,254,1)
14,1: (252,253,254,255)  #FCFDFE  rgba(252,253,254,1)
15,1: (252,253,254,255)  #FCFDFE  rgba(252,253,254,1)
16,1: (251,252,253,255)  #FBFCFD  rgba(251,252,253,1)
17,1: (251,251,253,255)  #FBFBFD  rgba(251,251,253,1)
18,1: (251,251,253,255)  #FBFBFD  rgba(251,251,253,1)
19,1: (252,253,254,255)  #FCFDFE  rgba(252,253,254,1)
20,1: (253,253,254,255)  #FDFDFE  rgba(253,253,254,1)
21,1: (253,253,254,255)  #FDFDFE  rgba(253,253,254,1)
22,1: (254,254,254,255)  #FEFEFE  rgba(254,254,254,1)
23,1: (254,254,254,255)  #FEFEFE  rgba(254,254,254,1)
0,2: (252,253,254,255)  #FCFDFE  rgba(252,253,254,1)
1,2: (251,251,253,255)  #FBFBFD  rgba(251,251,253,1)
2,2: (249,250,252,255)  #F9FAFC  rgba(249,250,252,1)
3,2: (248,249,252,255)  #F8F9FC  rgba(248,249,252,1)
4,2: (241,246,252,255)  #F1F6FC  rgba(241,246,252,1)
5,2: (249,250,252,255)  #F9FAFC  rgba(249,250,252,1)
6,2: (250,251,253,255)  #FAFBFD  rgba(250,251,253,1)
7,2: (251,251,253,255)  #FBFBFD  rgba(251,251,253,1)
8,2: (252,252,253,255)  #FCFCFD  rgba(252,252,253,1)
9,2: (252,252,253,255)  #FCFCFD  rgba(252,252,253,1)
10,2: (252,253,254,255)  #FCFDFE  rgba(252,253,254,1)
11,2: (252,252,253,255)  #FCFCFD  rgba(252,252,253,1)
12,2: (252,252,253,255)  #FCFCFD  rgba(252,252,253,1)
13,2: (251,251,253,255)  #FBFBFD  rgba(251,251,253,1)
14,2: (249,250,252,255)  #F9FAFC  rgba(249,250,252,1)
15,2: (248,249,252,255)  #F8F9FC  rgba(248,249,252,1)
16,2: (222,237,251,255)  #DEEDFB  rgba(222,237,251,1)
17,2: (222,236,250,255)  #DEECFA  rgba(222,236,250,1)
18,2: (244,246,250,255)  #F4F6FA  rgba(244,246,250,1)
19,2: (246,248,251,255)  #F6F8FB  rgba(246,248,251,1)
20,2: (249,250,252,255)  #F9FAFC  rgba(249,250,252,1)
21,2: (251,251,253,255)  #FBFBFD  rgba(251,251,253,1)
22,2: (252,253,254,255)  #FCFDFE  rgba(252,253,254,1)
23,2: (252,253,254,255)  #FCFDFE  rgba(252,253,254,1)
0,3: (251,252,253,255)  #FBFCFD  rgba(251,252,253,1)
1,3: (249,250,252,255)  #F9FAFC  rgba(249,250,252,1)
2,3: (234,243,251,255)  #EAF3FB  rgba(234,243,251,1)
3,3: (227,239,251,255)  #E3EFFB  rgba(227,239,251,1)
4,3: (197,226,250,255)  #C5E2FA  rgba(197,226,250,1)
5,3: (182,218,251,255)  #B6DAFB  rgba(182,218,251,1)
6,3: (186,223,251,255)  #BADFFB  rgba(186,223,251,1)
7,3: (202,229,252,255)  #CAE5FC  rgba(202,229,252,1)
8,3: (232,243,252,255)  #E8F3FC  rgba(232,243,252,1)
9,3: (250,250,252,255)  #FAFAFC  rgba(250,250,252,1)
10,3: (250,251,253,255)  #FAFBFD  rgba(250,251,253,1)
11,3: (250,251,253,255)  #FAFBFD  rgba(250,251,253,1)
12,3: (250,251,253,255)  #FAFBFD  rgba(250,251,253,1)
13,3: (250,251,253,255)  #FAFBFD  rgba(250,251,253,1)
14,3: (248,249,252,255)  #F8F9FC  rgba(248,249,252,1)
15,3: (187,220,250,255)  #BBDCFA  rgba(187,220,250,1)
16,3: (148,200,248,255)  #94C8F8  rgba(148,200,248,1)
17,3: (157,207,247,255)  #9DCFF7  rgba(157,207,247,1)
18,3: (179,215,248,255)  #B3D7F8  rgba(179,215,248,1)
19,3: (207,229,251,255)  #CFE5FB  rgba(207,229,251,1)
20,3: (249,250,252,255)  #F9FAFC  rgba(249,250,252,1)
21,3: (252,252,253,255)  #FCFCFD  rgba(252,252,253,1)
22,3: (252,252,253,255)  #FCFCFD  rgba(252,252,253,1)
23,3: (252,253,254,255)  #FCFDFE  rgba(252,253,254,1)
0,4: (251,251,253,255)  #FBFBFD  rgba(251,251,253,1)
1,4: (249,250,252,255)  #F9FAFC  rgba(249,250,252,1)
2,4: (223,237,251,255)  #DFEDFB  rgba(223,237,251,1)
3,4: (217,231,249,255)  #D9E7F9  rgba(217,231,249,1)
4,4: (203,226,248,255)  #CBE2F8  rgba(203,226,248,1)
5,4: (189,218,249,255)  #BDDAF9  rgba(189,218,249,1)
6,4: (174,211,249,255)  #AED3F9  rgba(174,211,249,1)
7,4: (161,207,249,255)  #A1CFF9  rgba(161,207,249,1)
8,4: (177,215,250,255)  #B1D7FA  rgba(177,215,250,1)
9,4: (244,247,251,255)  #F4F7FB  rgba(244,247,251,1)
10,4: (248,250,252,255)  #F8FAFC  rgba(248,250,252,1)
11,4: (249,250,252,255)  #F9FAFC  rgba(249,250,252,1)
12,4: (249,250,252,255)  #F9FAFC  rgba(249,250,252,1)
13,4: (248,250,252,255)  #F8FAFC  rgba(248,250,252,1)
14,4: (223,234,251,255)  #DFEAFB  rgba(223,234,251,1)
15,4: (164,211,249,255)  #A4D3F9  rgba(164,211,249,1)
16,4: (126,194,246,255)  #7EC2F6  rgba(126,194,246,1)
17,4: (136,197,245,255)  #88C5F5  rgba(136,197,245,1)
18,4: (130,194,247,255)  #82C2F7  rgba(130,194,247,1)
19,4: (180,214,250,255)  #B4D6FA  rgba(180,214,250,1)
20,4: (250,251,252,255)  #FAFBFC  rgba(250,251,252,1)
21,4: (252,252,253,255)  #FCFCFD  rgba(252,252,253,1)
22,4: (252,253,254,255)  #FCFDFE  rgba(252,253,254,1)
23,4: (252,253,254,255)  #FCFDFE  rgba(252,253,254,1)
0,5: (251,251,253,255)  #FBFBFD  rgba(251,251,253,1)
1,5: (234,243,251,255)  #EAF3FB  rgba(234,243,251,1)
2,5: (246,247,250,255)  #F6F7FA  rgba(246,247,250,1)
3,5: (204,228,248,255)  #CCE4F8  rgba(204,228,248,1)
4,5: (221,233,247,255)  #DDE9F7  rgba(221,233,247,1)
5,5: (219,233,247,255)  #DBE9F7  rgba(219,233,247,1)
6,5: (197,224,247,255)  #C5E0F7  rgba(197,224,247,1)
7,5: (163,208,247,255)  #A3D0F7  rgba(163,208,247,1)
8,5: (167,212,248,255)  #A7D4F8  rgba(167,212,248,1)
9,5: (210,230,250,255)  #D2E6FA  rgba(210,230,250,1)
10,5: (246,248,251,255)  #F6F8FB  rgba(246,248,251,1)
11,5: (248,249,251,255)  #F8F9FB  rgba(248,249,251,1)
12,5: (248,249,251,255)  #F8F9FB  rgba(248,249,251,1)
13,5: (247,249,251,255)  #F7F9FB  rgba(247,249,251,1)
14,5: (205,230,250,255)  #CDE6FA  rgba(205,230,250,1)
15,5: (165,209,249,255)  #A5D1F9  rgba(165,209,249,1)
16,5: (139,195,246,255)  #8BC3F6  rgba(139,195,246,1)
17,5: (160,207,245,255)  #A0CFF5  rgba(160,207,245,1)
18,5: (126,187,247,255)  #7EBBF7  rgba(126,187,247,1)
19,5: (149,204,250,255)  #95CCFA  rgba(149,204,250,1)
20,5: (229,242,252,255)  #E5F2FC  rgba(229,242,252,1)
21,5: (252,252,253,255)  #FCFCFD  rgba(252,252,253,1)
22,5: (252,253,254,255)  #FCFDFE  rgba(252,253,254,1)
23,5: (252,253,254,255)  #FCFDFE  rgba(252,253,254,1)
0,6: (250,251,252,255)  #FAFBFC  rgba(250,251,252,1)
1,6: (219,234,250,255)  #DBEAFA  rgba(219,234,250,1)
2,6: (234,243,250,255)  #EAF3FA  rgba(234,243,250,1)
3,6: (190,218,247,255)  #BEDAF7  rgba(190,218,247,1)
4,6: (215,230,247,255)  #D7E6F7  rgba(215,230,247,1)
5,6: (232,239,246,255)  #E8EFF6  rgba(232,239,246,1)
6,6: (234,240,246,255)  #EAF0F6  rgba(234,240,246,1)
7,6: (181,213,246,255)  #B5D5F6  rgba(181,213,246,1)
8,6: (167,208,247,255)  #A7D0F7  rgba(167,208,247,1)
9,6: (186,219,249,255)  #BADBF9  rgba(186,219,249,1)
10,6: (222,237,250,255)  #DEEDFA  rgba(222,237,250,1)
11,6: (246,248,250,255)  #F6F8FA  rgba(246,248,250,1)
12,6: (246,248,250,255)  #F6F8FA  rgba(246,248,250,1)
13,6: (209,229,249,255)  #D1E5F9  rgba(209,229,249,1)
14,6: (173,207,249,255)  #ADCFF9  rgba(173,207,249,1)
15,6: (143,194,247,255)  #8FC2F7  rgba(143,194,247,1)
16,6: (143,198,245,255)  #8FC6F5  rgba(143,198,245,1)
17,6: (174,210,247,255)  #AED2F7  rgba(174,210,247,1)
18,6: (123,184,247,255)  #7BB8F7  rgba(123,184,247,1)
19,6: (104,177,249,255)  #68B1F9  rgba(104,177,249,1)
20,6: (165,209,251,255)  #A5D1FB  rgba(165,209,251,1)
21,6: (251,252,253,255)  #FBFCFD  rgba(251,252,253,1)
22,6: (252,252,253,255)  #FCFCFD  rgba(252,252,253,1)
23,6: (252,253,254,255)  #FCFDFE  rgba(252,253,254,1)
0,7: (240,246,251,255)  #F0F6FB  rgba(240,246,251,1)
1,7: (247,248,251,255)  #F7F8FB  rgba(247,248,251,1)
2,7: (240,245,250,255)  #F0F5FA  rgba(240,245,250,1)
3,7: (192,223,247,255)  #C0DFF7  rgba(192,223,247,1)
4,7: (204,227,247,255)  #CCE3F7  rgba(204,227,247,1)
5,7: (190,221,245,255)  #BEDDF5  rgba(190,221,245,1)
6,7: (203,226,245,255)  #CBE2F5  rgba(203,226,245,1)
7,7: (187,220,245,255)  #BBDCF5  rgba(187,220,245,1)
8,7: (168,207,246,255)  #A8CFF6  rgba(168,207,246,1)
9,7: (161,207,247,255)  #A1CFF7  rgba(161,207,247,1)
10,7: (193,222,249,255)  #C1DEF9  rgba(193,222,249,1)
11,7: (228,241,250,255)  #E4F1FA  rgba(228,241,250,1)
12,7: (245,247,250,255)  #F5F7FA  rgba(245,247,250,1)
13,7: (220,235,249,255)  #DCEBF9  rgba(220,235,249,1)
14,7: (161,204,248,255)  #A1CCF8  rgba(161,204,248,1)
15,7: (137,195,247,255)  #89C3F7  rgba(137,195,247,1)
16,7: (143,197,244,255)  #8FC5F4  rgba(143,197,244,1)
17,7: (184,215,247,255)  #B8D7F7  rgba(184,215,247,1)
18,7: (133,192,247,255)  #85C0F7  rgba(133,192,247,1)
19,7: (103,168,248,255)  #67A8F8  rgba(103,168,248,1)
20,7: (115,178,250,255)  #73B2FA  rgba(115,178,250,1)
21,7: (243,248,252,255)  #F3F8FC  rgba(243,248,252,1)
22,7: (251,251,252,255)  #FBFBFC  rgba(251,251,252,1)
23,7: (252,252,253,255)  #FCFCFD  rgba(252,252,253,1)
0,8: (249,250,252,255)  #F9FAFC  rgba(249,250,252,1)
1,8: (247,249,251,255)  #F7F9FB  rgba(247,249,251,1)
2,8: (223,236,250,255)  #DFECFA  rgba(223,236,250,1)
3,8: (195,223,248,255)  #C3DFF8  rgba(195,223,248,1)
4,8: (180,215,245,255)  #B4D7F5  rgba(180,215,245,1)
5,8: (174,209,244,255)  #AED1F4  rgba(174,209,244,1)
6,8: (184,216,244,255)  #B8D8F4  rgba(184,216,244,1)
7,8: (204,225,245,255)  #CCE1F5  rgba(204,225,245,1)
8,8: (185,218,245,255)  #B9DAF5  rgba(185,218,245,1)
9,8: (159,204,245,255)  #9FCCF5  rgba(159,204,245,1)
10,8: (171,209,247,255)  #ABD1F7  rgba(171,209,247,1)
11,8: (230,240,249,255)  #E6F0F9  rgba(230,240,249,1)
12,8: (245,247,250,255)  #F5F7FA  rgba(245,247,250,1)
13,8: (244,246,249,255)  #F4F6F9  rgba(244,246,249,1)
14,8: (178,215,248,255)  #B2D7F8  rgba(178,215,248,1)
15,8: (149,202,246,255)  #95CAF6  rgba(149,202,246,1)
16,8: (173,213,246,255)  #ADD5F6  rgba(173,213,246,1)
17,8: (189,220,247,255)  #BDDCF7  rgba(189,220,247,1)
18,8: (173,213,249,255)  #ADD5F9  rgba(173,213,249,1)
19,8: (153,202,250,255)  #99CAFA  rgba(153,202,250,1)
20,8: (131,192,250,255)  #83C0FA  rgba(131,192,250,1)
21,8: (231,240,252,255)  #E7F0FC  rgba(231,240,252,1)
22,8: (252,252,253,255)  #FCFCFD  rgba(252,252,253,1)
23,8: (252,252,253,255)  #FCFCFD  rgba(252,252,253,1)
0,9: (221,237,252,255)  #DDEDFC  rgba(221,237,252,1)
1,9: (226,239,251,255)  #E2EFFB  rgba(226,239,251,1)
2,9: (193,222,249,255)  #C1DEF9  rgba(193,222,249,1)
3,9: (184,216,248,255)  #B8D8F8  rgba(184,216,248,1)
4,9: (175,211,247,255)  #AFD3F7  rgba(175,211,247,1)
5,9: (159,202,245,255)  #9FCAF5  rgba(159,202,245,1)
6,9: (143,197,243,255)  #8FC5F3  rgba(143,197,243,1)
7,9: (185,215,244,255)  #B9D7F4  rgba(185,215,244,1)
8,9: (189,220,245,255)  #BDDCF5  rgba(189,220,245,1)
9,9: (159,208,245,255)  #9FD0F5  rgba(159,208,245,1)
10,9: (144,193,246,255)  #90C1F6  rgba(144,193,246,1)
11,9: (201,227,249,255)  #C9E3F9  rgba(201,227,249,1)
12,9: (244,246,249,255)  #F4F6F9  rgba(244,246,249,1)
13,9: (244,246,249,255)  #F4F6F9  rgba(244,246,249,1)
14,9: (214,232,248,255)  #D6E8F8  rgba(214,232,248,1)
15,9: (184,217,249,255)  #B8D9F9  rgba(184,217,249,1)
16,9: (181,216,248,255)  #B5D8F8  rgba(181,216,248,1)
17,9: (191,220,248,255)  #BFDCF8  rgba(191,220,248,1)
18,9: (190,219,249,255)  #BEDBF9  rgba(190,219,249,1)
19,9: (186,217,251,255)  #BAD9FB  rgba(186,217,251,1)
20,9: (160,207,252,255)  #A0CFFC  rgba(160,207,252,1)
21,9: (221,237,253,255)  #DDEDFD  rgba(221,237,253,1)
22,9: (252,253,253,255)  #FCFDFD  rgba(252,253,253,1)
23,9: (252,252,253,255)  #FCFCFD  rgba(252,252,253,1)
0,10: (151,202,251,255)  #97CAFB  rgba(151,202,251,1)
1,10: (188,220,251,255)  #BCDCFB  rgba(188,220,251,1)
2,10: (196,223,251,255)  #C4DFFB  rgba(196,223,251,1)
3,10: (199,227,250,255)  #C7E3FA  rgba(199,227,250,1)
4,10: (178,214,249,255)  #B2D6F9  rgba(178,214,249,1)
5,10: (135,192,247,255)  #87C0F7  rgba(135,192,247,1)
6,10: (123,188,242,255)  #7BBCF2  rgba(123,188,242,1)
7,10: (178,213,245,255)  #B2D5F5  rgba(178,213,245,1)
8,10: (190,219,245,255)  #BEDBF5  rgba(190,219,245,1)
9,10: (160,203,244,255)  #A0CBF4  rgba(160,203,244,1)
10,10: (132,188,245,255)  #84BCF5  rgba(132,188,245,1)
11,10: (181,216,247,255)  #B5D8F7  rgba(181,216,247,1)
12,10: (244,246,249,255)  #F4F6F9  rgba(244,246,249,1)
13,10: (246,247,250,255)  #F6F7FA  rgba(246,247,250,1)
14,10: (245,247,250,255)  #F5F7FA  rgba(245,247,250,1)
15,10: (225,236,250,255)  #E1ECFA  rgba(225,236,250,1)
16,10: (227,239,250,255)  #E3EFFA  rgba(227,239,250,1)
17,10: (224,238,251,255)  #E0EEFB  rgba(224,238,251,1)
18,10: (197,223,250,255)  #C5DFFA  rgba(197,223,250,1)
19,10: (205,230,252,255)  #CDE6FC  rgba(205,230,252,1)
20,10: (228,240,253,255)  #E4F0FD  rgba(228,240,253,1)
21,10: (253,253,254,255)  #FDFDFE  rgba(253,253,254,1)
22,10: (222,238,254,255)  #DEEEFE  rgba(222,238,254,1)
23,10: (240,247,253,255)  #F0F7FD  rgba(240,247,253,1)
0,11: (127,191,252,255)  #7FBFFC  rgba(127,191,252,1)
1,11: (179,218,252,255)  #B3DAFC  rgba(179,218,252,1)
2,11: (196,224,253,255)  #C4E0FD  rgba(196,224,253,1)
3,11: (188,221,252,255)  #BCDDFC  rgba(188,221,252,1)
4,11: (174,210,250,255)  #AED2FA  rgba(174,210,250,1)
5,11: (140,200,247,255)  #8CC8F7  rgba(140,200,247,1)
6,11: (133,195,245,255)  #85C3F5  rgba(133,195,245,1)
7,11: (148,199,245,255)  #94C7F5  rgba(148,199,245,1)
8,11: (174,212,245,255)  #AED4F5  rgba(174,212,245,1)
9,11: (152,201,245,255)  #98C9F5  rgba(152,201,245,1)
10,11: (157,205,247,255)  #9DCDF7  rgba(157,205,247,1)
11,11: (172,211,248,255)  #ACD3F8  rgba(172,211,248,1)
12,11: (232,241,249,255)  #E8F1F9  rgba(232,241,249,1)
13,11: (244,246,248,255)  #F4F6F8  rgba(244,246,248,1)
14,11: (245,247,250,255)  #F5F7FA  rgba(245,247,250,1)
15,11: (230,239,249,255)  #E6EFF9  rgba(230,239,249,1)
16,11: (245,247,250,255)  #F5F7FA  rgba(245,247,250,1)
17,11: (245,247,250,255)  #F5F7FA  rgba(245,247,250,1)
18,11: (247,249,252,255)  #F7F9FC  rgba(247,249,252,1)
19,11: (251,252,253,255)  #FBFCFD  rgba(251,252,253,1)
20,11: (249,251,253,255)  #F9FBFD  rgba(249,251,253,1)
21,11: (193,224,253,255)  #C1E0FD  rgba(193,224,253,1)
22,11: (152,201,253,255)  #98C9FD  rgba(152,201,253,1)
23,11: (189,222,253,255)  #BDDEFD  rgba(189,222,253,1)
0,12: (154,206,252,255)  #9ACEFC  rgba(154,206,252,1)
1,12: (180,218,251,255)  #B4DAFB  rgba(180,218,251,1)
2,12: (145,195,251,255)  #91C3FB  rgba(145,195,251,1)
3,12: (131,189,250,255)  #83BDFA  rgba(131,189,250,1)
4,12: (134,193,249,255)  #86C1F9  rgba(134,193,249,1)
5,12: (137,197,247,255)  #89C5F7  rgba(137,197,247,1)
6,12: (111,178,244,255)  #6FB2F4  rgba(111,178,244,1)
7,12: (108,179,242,255)  #6CB3F2  rgba(108,179,242,1)
8,12: (145,195,244,255)  #91C3F4  rgba(145,195,244,1)
9,12: (168,210,246,255)  #A8D2F6  rgba(168,210,246,1)
10,12: (159,206,246,255)  #9FCEF6  rgba(159,206,246,1)
11,12: (166,209,247,255)  #A6D1F7  rgba(166,209,247,1)
12,12: (220,234,247,255)  #DCEAF7  rgba(220,234,247,1)
13,12: (243,245,247,255)  #F3F5F7  rgba(243,245,247,1)
14,12: (243,246,249,255)  #F3F6F9  rgba(243,246,249,1)
15,12: (231,240,248,255)  #E7F0F8  rgba(231,240,248,1)
16,12: (233,241,248,255)  #E9F1F8  rgba(233,241,248,1)
17,12: (245,247,250,255)  #F5F7FA  rgba(245,247,250,1)
18,12: (235,243,250,255)  #EBF3FA  rgba(235,243,250,1)
19,12: (206,230,251,255)  #CEE6FB  rgba(206,230,251,1)
20,12: (174,214,252,255)  #AED6FC  rgba(174,214,252,1)
21,12: (161,212,252,255)  #A1D4FC  rgba(161,212,252,1)
22,12: (134,193,253,255)  #86C1FD  rgba(134,193,253,1)
23,12: (145,198,252,255)  #91C6FC  rgba(145,198,252,1)
0,13: (152,201,250,255)  #98C9FA  rgba(152,201,250,1)
1,13: (172,208,249,255)  #ACD0F9  rgba(172,208,249,1)
2,13: (123,190,247,255)  #7BBEF7  rgba(123,190,247,1)
3,13: (102,174,246,255)  #66AEF6  rgba(102,174,246,1)
4,13: (141,195,246,255)  #8DC3F6  rgba(141,195,246,1)
5,13: (134,195,244,255)  #86C3F4  rgba(134,195,244,1)
6,13: (103,176,239,255)  #67B0EF  rgba(103,176,239,1)
7,13: ( 94,166,235,255)  #5EA6EB  rgba(94,166,235,1)
8,13: (108,177,238,255)  #6CB1EE  rgba(108,177,238,1)
9,13: (120,180,240,255)  #78B4F0  rgba(120,180,240,1)
10,13: (119,180,240,255)  #77B4F0  rgba(119,180,240,1)
11,13: (139,195,244,255)  #8BC3F4  rgba(139,195,244,1)
12,13: (192,220,245,255)  #C0DCF5  rgba(192,220,245,1)
13,13: (223,235,246,255)  #DFEBF6  rgba(223,235,246,1)
14,13: (228,237,246,255)  #E4EDF6  rgba(228,237,246,1)
15,13: (189,219,245,255)  #BDDBF5  rgba(189,219,245,1)
16,13: (175,213,245,255)  #AFD5F5  rgba(175,213,245,1)
17,13: (170,213,245,255)  #AAD5F5  rgba(170,213,245,1)
18,13: (156,206,247,255)  #9CCEF7  rgba(156,206,247,1)
19,13: (148,200,248,255)  #94C8F8  rgba(148,200,248,1)
20,13: (132,188,249,255)  #84BCF9  rgba(132,188,249,1)
21,13: (133,187,250,255)  #85BBFA  rgba(133,187,250,1)
22,13: (133,191,250,255)  #85BFFA  rgba(133,191,250,1)
23,13: (123,185,249,255)  #7BB9F9  rgba(123,185,249,1)
0,14: (104,176,243,255)  #68B0F3  rgba(104,176,243,1)
1,14: (156,203,245,255)  #9CCBF5  rgba(156,203,245,1)
2,14: (156,202,243,255)  #9CCAF3  rgba(156,202,243,1)
3,14: (124,185,239,255)  #7CB9EF  rgba(124,185,239,1)
4,14: (167,206,242,255)  #A7CEF2  rgba(167,206,242,1)
5,14: (141,198,240,255)  #8DC6F0  rgba(141,198,240,1)
6,14: (107,168,229,255)  #6BA8E5  rgba(107,168,229,1)
7,14: ( 83,153,225,255)  #5399E1  rgba(83,153,225,1)
8,14: ( 75,146,219,255)  #4B92DB  rgba(75,146,219,1)
9,14: ( 78,146,224,255)  #4E92E0  rgba(78,146,224,1)
10,14: ( 95,156,230,255)  #5F9CE6  rgba(95,156,230,1)
11,14: (112,174,236,255)  #70AEEC  rgba(112,174,236,1)
12,14: (155,203,241,255)  #9BCBF1  rgba(155,203,241,1)
13,14: (190,218,242,255)  #BEDAF2  rgba(190,218,242,1)
14,14: (164,207,241,255)  #A4CFF1  rgba(164,207,241,1)
15,14: (152,201,239,255)  #98C9EF  rgba(152,201,239,1)
16,14: (119,175,237,255)  #77AFED  rgba(119,175,237,1)
17,14: ( 99,158,235,255)  #639EEB  rgba(99,158,235,1)
18,14: ( 90,158,232,255)  #5A9EE8  rgba(90,158,232,1)
19,14: (112,175,239,255)  #70AFEF  rgba(112,175,239,1)
20,14: (112,174,242,255)  #70AEF2  rgba(112,174,242,1)
21,14: (117,176,243,255)  #75B0F3  rgba(117,176,243,1)
22,14: (120,188,245,255)  #78BCF5  rgba(120,188,245,1)
23,14: (113,173,244,255)  #71ADF4  rgba(113,173,244,1)
0,15: ( 73,146,231,255)  #4992E7  rgba(73,146,231,1)
1,15: (124,182,237,255)  #7CB6ED  rgba(124,182,237,1)
2,15: (166,204,240,255)  #A6CCF0  rgba(166,204,240,1)
3,15: (156,204,235,255)  #9CCCEB  rgba(156,204,235,1)
4,15: (146,197,235,255)  #92C5EB  rgba(146,197,235,1)
5,15: (113,175,228,255)  #71AFE4  rgba(113,175,228,1)
6,15: ( 78,138,209,255)  #4E8AD1  rgba(78,138,209,1)
7,15: ( 61,120,196,255)  #3D78C4  rgba(61,120,196,1)
8,15: ( 57,112,175,255)  #3970AF  rgba(57,112,175,1)
9,15: ( 70,125,193,255)  #467DC1  rgba(70,125,193,1)
10,15: ( 88,145,213,255)  #5891D5  rgba(88,145,213,1)
11,15: ( 98,159,220,255)  #629FDC  rgba(98,159,220,1)
12,15: (117,175,230,255)  #75AFE6  rgba(117,175,230,1)
13,15: (141,193,234,255)  #8DC1EA  rgba(141,193,234,1)
14,15: (140,192,235,255)  #8CC0EB  rgba(140,192,235,1)
15,15: (117,171,229,255)  #75ABE5  rgba(117,171,229,1)
16,15: ( 82,140,207,255)  #528CCF  rgba(82,140,207,1)
17,15: ( 67,120,179,255)  #4378B3  rgba(67,120,179,1)
18,15: ( 53,100,159,255)  #35649F  rgba(53,100,159,1)
19,15: ( 85,142,211,255)  #558ED3  rgba(85,142,211,1)
20,15: (100,160,230,255)  #64A0E6  rgba(100,160,230,1)
21,15: (103,167,235,255)  #67A7EB  rgba(103,167,235,1)
22,15: (115,174,238,255)  #73AEEE  rgba(115,174,238,1)
23,15: (110,172,238,255)  #6EACEE  rgba(110,172,238,1)
0,16: ( 48,102,164,255)  #3066A4  rgba(48,102,164,1)
1,16: ( 73,138,210,255)  #498AD2  rgba(73,138,210,1)
2,16: (106,166,223,255)  #6AA6DF  rgba(106,166,223,1)
3,16: (125,181,225,255)  #7DB5E1  rgba(125,181,225,1)
4,16: (121,174,220,255)  #79AEDC  rgba(121,174,220,1)
5,16: ( 97,156,213,255)  #619CD5  rgba(97,156,213,1)
6,16: ( 76,136,199,255)  #4C88C7  rgba(76,136,199,1)
7,16: ( 64,121,184,255)  #4079B8  rgba(64,121,184,1)
8,16: ( 65,123,184,255)  #417BB8  rgba(65,123,184,1)
9,16: ( 71,121,182,255)  #4779B6  rgba(71,121,182,1)
10,16: ( 80,128,192,255)  #5080C0  rgba(80,128,192,1)
11,16: ( 97,150,207,255)  #6196CF  rgba(97,150,207,1)
12,16: (111,163,213,255)  #6FA3D5  rgba(111,163,213,1)
13,16: (129,184,223,255)  #81B8DF  rgba(129,184,223,1)
14,16: (121,176,221,255)  #79B0DD  rgba(121,176,221,1)
15,16: (104,147,214,255)  #6893D6  rgba(104,147,214,1)
16,16: ( 74,125,181,255)  #4A7DB5  rgba(74,125,181,1)
17,16: ( 66,111,167,255)  #426FA7  rgba(66,111,167,1)
18,16: ( 47, 90,138,255)  #2F5A8A  rgba(47,90,138,1)
19,16: ( 65,112,166,255)  #4170A6  rgba(65,112,166,1)
20,16: ( 84,136,195,255)  #5488C3  rgba(84,136,195,1)
21,16: ( 94,151,221,255)  #5E97DD  rgba(94,151,221,1)
22,16: ( 95,148,222,255)  #5F94DE  rgba(95,148,222,1)
23,16: ( 96,158,227,255)  #609EE3  rgba(96,158,227,1)
0,17: ( 56,107,166,255)  #386BA6  rgba(56,107,166,1)
1,17: ( 47, 96,155,255)  #2F609B  rgba(47,96,155,1)
2,17: ( 55,106,166,255)  #376AA6  rgba(55,106,166,1)
3,17: ( 93,151,212,255)  #5D97D4  rgba(93,151,212,1)
4,17: (104,163,214,255)  #68A3D6  rgba(104,163,214,1)
5,17: (105,158,211,255)  #699ED3  rgba(105,158,211,1)
6,17: (100,158,204,255)  #649ECC  rgba(100,158,204,1)
7,17: ( 97,149,189,255)  #6195BD  rgba(97,149,189,1)
8,17: ( 98,152,187,255)  #6298BB  rgba(98,152,187,1)
9,17: ( 89,139,174,255)  #598BAE  rgba(89,139,174,1)
10,17: ( 81,129,173,255)  #5181AD  rgba(81,129,173,1)
11,17: ( 92,145,189,255)  #5C91BD  rgba(92,145,189,1)
12,17: (105,154,199,255)  #699AC7  rgba(105,154,199,1)
13,17: (125,173,210,255)  #7DADD2  rgba(125,173,210,1)
14,17: (121,171,211,255)  #79ABD3  rgba(121,171,211,1)
15,17: (100,146,202,255)  #6492CA  rgba(100,146,202,1)
16,17: ( 91,134,195,255)  #5B86C3  rgba(91,134,195,1)
17,17: ( 78,120,178,255)  #4E78B2  rgba(78,120,178,1)
18,17: ( 63,104,158,255)  #3F689E  rgba(63,104,158,1)
19,17: ( 51, 91,141,255)  #335B8D  rgba(51,91,141,1)
20,17: ( 65,107,161,255)  #416BA1  rgba(65,107,161,1)
21,17: ( 86,130,191,255)  #5682BF  rgba(86,130,191,1)
22,17: ( 78,125,188,255)  #4E7DBC  rgba(78,125,188,1)
23,17: ( 87,141,212,255)  #578DD4  rgba(87,141,212,1)
0,18: ( 72,119,194,255)  #4877C2  rgba(72,119,194,1)
1,18: ( 49, 93,158,255)  #315D9E  rgba(49,93,158,1)
2,18: ( 44, 87,146,255)  #2C5792  rgba(44,87,146,1)
3,18: ( 65,109,174,255)  #416DAE  rgba(65,109,174,1)
4,18: ( 86,140,199,255)  #568CC7  rgba(86,140,199,1)
5,18: ( 97,147,204,255)  #6193CC  rgba(97,147,204,1)
6,18: ( 99,146,199,255)  #6392C7  rgba(99,146,199,1)
7,18: ( 99,146,192,255)  #6392C0  rgba(99,146,192,1)
8,18: ( 98,144,183,255)  #6290B7  rgba(98,144,183,1)
9,18: ( 94,142,175,255)  #5E8EAF  rgba(94,142,175,1)
10,18: ( 73,120,156,255)  #49789C  rgba(73,120,156,1)
11,18: ( 72,122,165,255)  #487AA5  rgba(72,122,165,1)
12,18: ( 96,146,181,255)  #6092B5  rgba(96,146,181,1)
13,18: (144,164,200,255)  #90A4C8  rgba(144,164,200,1)
14,18: (127,167,204,255)  #7FA7CC  rgba(127,167,204,1)
15,18: ( 97,149,195,255)  #6195C3  rgba(97,149,195,1)
16,18: ( 97,139,194,255)  #618BC2  rgba(97,139,194,1)
17,18: ( 81,119,178,255)  #5177B2  rgba(81,119,178,1)
18,18: ( 80,115,174,255)  #5073AE  rgba(80,115,174,1)
19,18: ( 66,105,163,255)  #4269A3  rgba(66,105,163,1)
20,18: ( 64,103,160,255)  #4067A0  rgba(64,103,160,1)
21,18: ( 74,113,174,255)  #4A71AE  rgba(74,113,174,1)
22,18: ( 73,119,185,255)  #4977B9  rgba(73,119,185,1)
23,18: ( 82,126,196,255)  #527EC4  rgba(82,126,196,1)
0,19: ( 69,111,194,255)  #456FC2  rgba(69,111,194,1)
1,19: ( 59,100,180,255)  #3B64B4  rgba(59,100,180,1)
2,19: ( 52, 93,171,255)  #345DAB  rgba(52,93,171,1)
3,19: ( 53, 93,165,255)  #355DA5  rgba(53,93,165,1)
4,19: ( 58,101,171,255)  #3A65AB  rgba(58,101,171,1)
5,19: ( 71,115,185,255)  #4773B9  rgba(71,115,185,1)
6,19: ( 78,123,187,255)  #4E7BBB  rgba(78,123,187,1)
7,19: ( 79,125,182,255)  #4F7DB6  rgba(79,125,182,1)
8,19: ( 87,129,183,255)  #5781B7  rgba(87,129,183,1)
9,19: ( 79,118,174,255)  #4F76AE  rgba(79,118,174,1)
10,19: ( 61,102,156,255)  #3D669C  rgba(61,102,156,1)
11,19: ( 67,129,163,255)  #4381A3  rgba(67,129,163,1)
12,19: (102,140,179,255)  #668CB3  rgba(102,140,179,1)
13,19: (134,171,199,255)  #86ABC7  rgba(134,171,199,1)
14,19: (124,146,201,255)  #7C92C9  rgba(124,146,201,1)
15,19: (100,148,195,255)  #6494C3  rgba(100,148,195,1)
16,19: ( 92,133,189,255)  #5C85BD  rgba(92,133,189,1)
17,19: ( 80,120,179,255)  #5078B3  rgba(80,120,179,1)
18,19: ( 76,114,175,255)  #4C72AF  rgba(76,114,175,1)
19,19: ( 68,106,169,255)  #446AA9  rgba(68,106,169,1)
20,19: ( 53, 88,147,255)  #355893  rgba(53,88,147,1)
21,19: ( 60, 96,156,255)  #3C609C  rgba(60,96,156,1)
22,19: ( 69,109,176,255)  #456DB0  rgba(69,109,176,1)
23,19: ( 69,108,174,255)  #456CAE  rgba(69,108,174,1)
0,20: ( 58, 96,190,255)  #3A60BE  rgba(58,96,190,1)
1,20: ( 60,100,192,255)  #3C64C0  rgba(60,100,192,1)
2,20: ( 58, 98,188,255)  #3A62BC  rgba(58,98,188,1)
3,20: ( 56, 95,179,255)  #385FB3  rgba(56,95,179,1)
4,20: ( 53, 92,172,255)  #355CAC  rgba(53,92,172,1)
5,20: ( 49, 86,162,255)  #3156A2  rgba(49,86,162,1)
6,20: ( 62,100,171,255)  #3E64AB  rgba(62,100,171,1)
7,20: ( 76,117,183,255)  #4C75B7  rgba(76,117,183,1)
8,20: ( 79,121,182,255)  #4F79B6  rgba(79,121,182,1)
9,20: ( 72,108,172,255)  #486CAC  rgba(72,108,172,1)
10,20: ( 66,106,172,255)  #426AAC  rgba(66,106,172,1)
11,20: ( 73,118,177,255)  #4976B1  rgba(73,118,177,1)
12,20: ( 78,128,178,255)  #4E80B2  rgba(78,128,178,1)
13,20: ( 93,135,186,255)  #5D87BA  rgba(93,135,186,1)
14,20: ( 81,127,185,255)  #517FB9  rgba(81,127,185,1)
15,20: ( 82,118,186,255)  #5276BA  rgba(82,118,186,1)
16,20: ( 84,120,189,255)  #5478BD  rgba(84,120,189,1)
17,20: ( 73,107,180,255)  #496BB4  rgba(73,107,180,1)
18,20: ( 69,102,177,255)  #4566B1  rgba(69,102,177,1)
19,20: ( 61, 95,170,255)  #3D5FAA  rgba(61,95,170,1)
20,20: ( 53, 83,154,255)  #35539A  rgba(53,83,154,1)
21,20: ( 62, 96,165,255)  #3E60A5  rgba(62,96,165,1)
22,20: ( 63, 99,172,255)  #3F63AC  rgba(63,99,172,1)
23,20: ( 63,100,169,255)  #3F64A9  rgba(63,100,169,1)
0,21: ( 49, 81,191,255)  #3151BF  rgba(49,81,191,1)
1,21: ( 51, 82,190,255)  #3352BE  rgba(51,82,190,1)
2,21: ( 52, 86,192,255)  #3456C0  rgba(52,86,192,1)
3,21: ( 53, 86,188,255)  #3556BC  rgba(53,86,188,1)
4,21: ( 51, 85,182,255)  #3355B6  rgba(51,85,182,1)
5,21: ( 43, 76,166,255)  #2B4CA6  rgba(43,76,166,1)
6,21: ( 54, 90,174,255)  #365AAE  rgba(54,90,174,1)
7,21: ( 66,100,185,255)  #4264B9  rgba(66,100,185,1)
8,21: ( 62, 91,176,255)  #3E5BB0  rgba(62,91,176,1)
9,21: ( 70,100,185,255)  #4664B9  rgba(70,100,185,1)
10,21: ( 71,108,188,255)  #476CBC  rgba(71,108,188,1)
11,21: ( 75,116,192,255)  #4B74C0  rgba(75,116,192,1)
12,21: ( 72,115,188,255)  #4873BC  rgba(72,115,188,1)
13,21: ( 67,109,182,255)  #436DB6  rgba(67,109,182,1)
14,21: ( 61,101,181,255)  #3D65B5  rgba(61,101,181,1)
15,21: ( 71,107,187,255)  #476BBB  rgba(71,107,187,1)
16,21: ( 69,103,188,255)  #4567BC  rgba(69,103,188,1)
17,21: ( 64, 94,184,255)  #405EB8  rgba(64,94,184,1)
18,21: ( 60, 92,182,255)  #3C5CB6  rgba(60,92,182,1)
19,21: ( 59, 91,182,255)  #3B5BB6  rgba(59,91,182,1)
20,21: ( 60, 91,181,255)  #3C5BB5  rgba(60,91,181,1)
21,21: ( 64, 96,186,255)  #4060BA  rgba(64,96,186,1)
22,21: ( 59, 91,182,255)  #3B5BB6  rgba(59,91,182,1)
23,21: ( 60, 92,181,255)  #3C5CB5  rgba(60,92,181,1)
0,22: ( 44, 73,197,255)  #2C49C5  rgba(44,73,197,1)
1,22: ( 42, 71,196,255)  #2A47C4  rgba(42,71,196,1)
2,22: ( 41, 71,193,255)  #2947C1  rgba(41,71,193,1)
3,22: ( 43, 73,191,255)  #2B49BF  rgba(43,73,191,1)
4,22: ( 47, 77,192,255)  #2F4DC0  rgba(47,77,192,1)
5,22: ( 45, 75,186,255)  #2D4BBA  rgba(45,75,186,1)
6,22: ( 47, 77,187,255)  #2F4DBB  rgba(47,77,187,1)
7,22: ( 47, 76,183,255)  #2F4CB7  rgba(47,76,183,1)
8,22: ( 50, 81,182,255)  #3251B6  rgba(50,81,182,1)
9,22: ( 55, 84,187,255)  #3754BB  rgba(55,84,187,1)
10,22: ( 59, 90,185,255)  #3B5AB9  rgba(59,90,185,1)
11,22: ( 65,101,194,255)  #4165C2  rgba(65,101,194,1)
12,22: ( 71,107,199,255)  #476BC7  rgba(71,107,199,1)
13,22: ( 63,101,192,255)  #3F65C0  rgba(63,101,192,1)
14,22: ( 59, 98,190,255)  #3B62BE  rgba(59,98,190,1)
15,22: ( 60, 93,192,255)  #3C5DC0  rgba(60,93,192,1)
16,22: ( 56, 84,186,255)  #3854BA  rgba(56,84,186,1)
17,22: ( 51, 80,186,255)  #3350BA  rgba(51,80,186,1)
18,22: ( 51, 79,185,255)  #334FB9  rgba(51,79,185,1)
19,22: ( 52, 82,188,255)  #3452BC  rgba(52,82,188,1)
20,22: ( 55, 85,191,255)  #3755BF  rgba(55,85,191,1)
21,22: ( 52, 82,188,255)  #3452BC  rgba(52,82,188,1)
22,22: ( 52, 83,187,255)  #3453BB  rgba(52,83,187,1)
23,22: ( 51, 82,188,255)  #3352BC  rgba(51,82,188,1)
0,23: ( 39, 66,197,255)  #2742C5  rgba(39,66,197,1)
1,23: ( 37, 65,198,255)  #2541C6  rgba(37,65,198,1)
2,23: ( 39, 66,199,255)  #2742C7  rgba(39,66,199,1)
3,23: ( 38, 66,197,255)  #2642C5  rgba(38,66,197,1)
4,23: ( 41, 69,197,255)  #2945C5  rgba(41,69,197,1)
5,23: ( 43, 71,195,255)  #2B47C3  rgba(43,71,195,1)
6,23: ( 41, 70,191,255)  #2946BF  rgba(41,70,191,1)
7,23: ( 41, 69,189,255)  #2945BD  rgba(41,69,189,1)
8,23: ( 45, 74,194,255)  #2D4AC2  rgba(45,74,194,1)
9,23: ( 40, 69,187,255)  #2845BB  rgba(40,69,187,1)
10,23: ( 37, 65,182,255)  #2541B6  rgba(37,65,182,1)
11,23: ( 37, 66,182,255)  #2542B6  rgba(37,66,182,1)
12,23: ( 43, 72,191,255)  #2B48BF  rgba(43,72,191,1)
13,23: ( 45, 74,195,255)  #2D4AC3  rgba(45,74,195,1)
14,23: ( 45, 72,192,255)  #2D48C0  rgba(45,72,192,1)
15,23: ( 42, 69,189,255)  #2A45BD  rgba(42,69,189,1)
16,23: ( 37, 66,181,255)  #2542B5  rgba(37,66,181,1)
17,23: ( 37, 65,180,255)  #2541B4  rgba(37,65,180,1)
18,23: ( 41, 69,186,255)  #2945BA  rgba(41,69,186,1)
19,23: ( 44, 72,188,255)  #2C48BC  rgba(44,72,188,1)
20,23: ( 46, 75,193,255)  #2E4BC1  rgba(46,75,193,1)
21,23: ( 44, 72,191,255)  #2C48BF  rgba(44,72,191,1)
22,23: ( 42, 70,187,255)  #2A46BB  rgba(42,70,187,1)
23,23: ( 43, 71,188,255)  #2B47BC  rgba(43,71,188,1)
