# ImageMagick pixel enumeration: 24,24,255,rgba
0,0: (175,175,175,255)  #AFAFAF  rgba(175,175,175,1)
1,0: (175,175,175,255)  #AFAFAF  rgba(175,175,175,1)
2,0: (173,173,173,255)  #ADADAD  grey68
3,0: (172,172,172,255)  #ACACAC  rgba(172,172,172,1)
4,0: (171,171,171,255)  #ABABAB  grey67
5,0: (170,170,170,255)  #AAAAAA  rgba(170,170,170,1)
6,0: (170,170,170,255)  #AAAAAA  rgba(170,170,170,1)
7,0: (170,170,170,255)  #AAAAAA  rgba(170,170,170,1)
8,0: (169,169,169,255)  #A9A9A9  DarkGray
9,0: (169,169,169,255)  #A9A9A9  DarkGray
10,0: (168,168,168,255)  #A8A8A8  grey66
11,0: (167,167,167,255)  #A7A7A7  rgba(167,167,167,1)
12,0: (167,167,167,255)  #A7A7A7  rgba(167,167,167,1)
13,0: (168,168,168,255)  #A8A8A8  grey66
14,0: (170,170,170,255)  #AAAAAA  rgba(170,170,170,1)
15,0: (171,171,171,255)  #ABABAB  grey67
16,0: (170,170,170,255)  #AAAAAA  rgba(170,170,170,1)
17,0: (169,169,169,255)  #A9A9A9  DarkGray
18,0: (167,167,167,255)  #A7A7A7  rgba(167,167,167,1)
19,0: (165,165,165,255)  #A5A5A5  rgba(165,165,165,1)
20,0: (163,163,163,255)  #A3A3A3  grey64
21,0: (162,162,162,255)  #A2A2A2  rgba(162,162,162,1)
22,0: (162,162,162,255)  #A2A2A2  rgba(162,162,162,1)
23,0: (162,162,162,255)  #A2A2A2  rgba(162,162,162,1)
0,1: (176,176,176,255)  #B0B0B0  grey69
1,1: (147,147,147,255)  #939393  rgba(147,147,147,1)
2,1: (146,146,146,255)  #929292  rgba(146,146,146,1)
3,1: (144,144,144,255)  #909090  rgba(144,144,144,1)
4,1: (143,143,143,255)  #8F8F8F  grey56
5,1: (143,143,143,255)  #8F8F8F  grey56
6,1: (143,143,143,255)  #8F8F8F  grey56
7,1: (143,143,143,255)  #8F8F8F  grey56
8,1: (143,143,143,255)  #8F8F8F  grey56
9,1: (142,142,142,255)  #8E8E8E  rgba(142,142,142,1)
10,1: (141,141,141,255)  #8D8D8D  rgba(141,141,141,1)
11,1: (139,139,139,255)  #8B8B8B  rgba(139,139,139,1)
12,1: (138,138,138,255)  #8A8A8A  grey54
13,1: (138,138,138,255)  #8A8A8A  grey54
14,1: (139,139,139,255)  #8B8B8B  rgba(139,139,139,1)
15,1: (140,140,140,255)  #8C8C8C  grey55
16,1: (140,140,140,255)  #8C8C8C  grey55
17,1: (140,140,140,255)  #8C8C8C  grey55
18,1: (138,138,138,255)  #8A8A8A  grey54
19,1: (136,136,136,255)  #888888  rgba(136,136,136,1)
20,1: (134,134,134,255)  #868686  rgba(134,134,134,1)
21,1: (134,134,134,255)  #868686  rgba(134,134,134,1)
22,1: (133,133,133,255)  #858585  grey52
23,1: (102,102,102,255)  #666666  grey40
0,2: (175,175,175,255)  #AFAFAF  rgba(175,175,175,1)
1,2: (146,146,146,255)  #929292  rgba(146,146,146,1)
2,2: (143,143,143,255)  #8F8F8F  grey56
3,2: (173,173,173,255)  #ADADAD  grey68
4,2: (174,174,174,255)  #AEAEAE  rgba(174,174,174,1)
5,2: (160,160,160,255)  #A0A0A0  rgba(160,160,160,1)
6,2: (141,141,141,255)  #8D8D8D  rgba(141,141,141,1)
7,2: (144,144,144,255)  #909090  rgba(144,144,144,1)
8,2: (144,144,144,255)  #909090  rgba(144,144,144,1)
9,2: (144,144,144,255)  #909090  rgba(144,144,144,1)
10,2: (143,143,143,255)  #8F8F8F  grey56
11,2: (140,140,140,255)  #8C8C8C  grey55
12,2: (139,139,139,255)  #8B8B8B  rgba(139,139,139,1)
13,2: (138,138,138,255)  #8A8A8A  grey54
14,2: (138,138,138,255)  #8A8A8A  grey54
15,2: (139,139,139,255)  #8B8B8B  rgba(139,139,139,1)
16,2: (139,139,139,255)  #8B8B8B  rgba(139,139,139,1)
17,2: (137,137,137,255)  #898989  rgba(137,137,137,1)
18,2: (168,168,168,255)  #A8A8A8  grey66
19,2: (169,169,169,255)  #A9A9A9  DarkGray
20,2: (154,154,154,255)  #9A9A9A  rgba(154,154,154,1)
21,2: (134,134,134,255)  #868686  rgba(134,134,134,1)
22,2: (135,135,135,255)  #878787  grey53
23,2: (104,104,104,255)  #686868  rgba(104,104,104,1)
0,3: (175,175,175,255)  #AFAFAF  rgba(175,175,175,1)
1,3: (146,146,146,255)  #929292  rgba(146,146,146,1)
2,3: (174,174,174,255)  #AEAEAE  rgba(174,174,174,1)
3,3: (178,178,178,255)  #B2B2B2  rgba(178,178,178,1)
4,3: (143,143,143,255)  #8F8F8F  grey56
5,3: (143,143,143,255)  #8F8F8F  grey56
6,3: (114,114,114,255)  #727272  rgba(114,114,114,1)
7,3: (145,145,145,255)  #919191  grey57
8,3: (146,146,146,255)  #929292  rgba(146,146,146,1)
9,3: (145,145,145,255)  #919191  grey57
10,3: (144,144,144,255)  #909090  rgba(144,144,144,1)
11,3: (141,141,141,255)  #8D8D8D  rgba(141,141,141,1)
12,3: (139,139,139,255)  #8B8B8B  rgba(139,139,139,1)
13,3: (137,137,137,255)  #898989  rgba(137,137,137,1)
14,3: (137,137,137,255)  #898989  rgba(137,137,137,1)
15,3: (137,137,137,255)  #898989  rgba(137,137,137,1)
16,3: (138,138,138,255)  #8A8A8A  grey54
17,3: (169,169,169,255)  #A9A9A9  DarkGray
18,3: (174,174,174,255)  #AEAEAE  rgba(174,174,174,1)
19,3: (140,140,140,255)  #8C8C8C  grey55
20,3: (140,140,140,255)  #8C8C8C  grey55
21,3: (109,109,109,255)  #6D6D6D  rgba(109,109,109,1)
22,3: (138,138,138,255)  #8A8A8A  grey54
23,3: (106,106,106,255)  #6A6A6A  rgba(106,106,106,1)
0,4: (175,175,175,255)  #AFAFAF  rgba(175,175,175,1)
1,4: (146,146,146,255)  #929292  rgba(146,146,146,1)
2,4: (178,178,178,255)  #B2B2B2  rgba(178,178,178,1)
3,4: (145,145,145,255)  #919191  grey57
4,4: (144,144,144,255)  #909090  rgba(144,144,144,1)
5,4: (144,144,144,255)  #909090  rgba(144,144,144,1)
6,4: ( 94, 94, 94,255)  #5E5E5E  grey37
7,4: (145,145,145,255)  #919191  grey57
8,4: (145,145,145,255)  #919191  grey57
9,4: (145,145,145,255)  #919191  grey57
10,4: (144,144,144,255)  #909090  rgba(144,144,144,1)
11,4: (142,142,142,255)  #8E8E8E  rgba(142,142,142,1)
12,4: (140,140,140,255)  #8C8C8C  grey55
13,4: (138,138,138,255)  #8A8A8A  grey54
14,4: (136,136,136,255)  #888888  rgba(136,136,136,1)
15,4: (137,137,137,255)  #898989  rgba(137,137,137,1)
16,4: (138,138,138,255)  #8A8A8A  grey54
17,4: (173,173,173,255)  #ADADAD  grey68
18,4: (140,140,140,255)  #8C8C8C  grey55
19,4: (141,141,141,255)  #8D8D8D  rgba(141,141,141,1)
20,4: (142,142,142,255)  #8E8E8E  rgba(142,142,142,1)
21,4: ( 92, 92, 92,255)  #5C5C5C  grey36
22,4: (140,140,140,255)  #8C8C8C  grey55
23,4: (108,108,108,255)  #6C6C6C  rgba(108,108,108,1)
0,5: (175,175,175,255)  #AFAFAF  rgba(175,175,175,1)
1,5: (147,147,147,255)  #939393  rgba(147,147,147,1)
2,5: (164,164,164,255)  #A4A4A4  rgba(164,164,164,1)
3,5: (146,146,146,255)  #929292  rgba(146,146,146,1)
4,5: (145,145,145,255)  #919191  grey57
5,5: ( 92, 92, 92,255)  #5C5C5C  grey36
6,5: (114,114,114,255)  #727272  rgba(114,114,114,1)
7,5: (144,144,144,255)  #909090  rgba(144,144,144,1)
8,5: (144,144,144,255)  #909090  rgba(144,144,144,1)
9,5: (145,145,145,255)  #919191  grey57
10,5: (144,144,144,255)  #909090  rgba(144,144,144,1)
11,5: (142,142,142,255)  #8E8E8E  rgba(142,142,142,1)
12,5: (140,140,140,255)  #8C8C8C  grey55
13,5: (138,138,138,255)  #8A8A8A  grey54
14,5: (137,137,137,255)  #898989  rgba(137,137,137,1)
15,5: (137,137,137,255)  #898989  rgba(137,137,137,1)
16,5: (138,138,138,255)  #8A8A8A  grey54
17,5: (157,157,157,255)  #9D9D9D  rgba(157,157,157,1)
18,5: (141,141,141,255)  #8D8D8D  rgba(141,141,141,1)
19,5: (142,142,142,255)  #8E8E8E  rgba(142,142,142,1)
20,5: ( 90, 90, 90,255)  #5A5A5A  rgba(90,90,90,1)
21,5: (113,113,113,255)  #717171  rgba(113,113,113,1)
22,5: (142,142,142,255)  #8E8E8E  rgba(142,142,142,1)
23,5: (110,110,110,255)  #6E6E6E  grey43
0,6: (175,175,175,255)  #AFAFAF  rgba(175,175,175,1)
1,6: (148,148,148,255)  #949494  grey58
2,6: (147,147,147,255)  #939393  rgba(147,147,147,1)
3,6: (118,118,118,255)  #767676  rgba(118,118,118,1)
4,6: ( 97, 97, 97,255)  #616161  grey38
5,6: (115,115,115,255)  #737373  grey45
6,6: (141,141,141,255)  #8D8D8D  rgba(141,141,141,1)
7,6: (143,143,143,255)  #8F8F8F  grey56
8,6: (143,143,143,255)  #8F8F8F  grey56
9,6: (143,143,143,255)  #8F8F8F  grey56
10,6: (143,143,143,255)  #8F8F8F  grey56
11,6: (142,142,142,255)  #8E8E8E  rgba(142,142,142,1)
12,6: (141,141,141,255)  #8D8D8D  rgba(141,141,141,1)
13,6: (139,139,139,255)  #8B8B8B  rgba(139,139,139,1)
14,6: (138,138,138,255)  #8A8A8A  grey54
15,6: (139,139,139,255)  #8B8B8B  rgba(139,139,139,1)
16,6: (140,140,140,255)  #8C8C8C  grey55
17,6: (138,138,138,255)  #8A8A8A  grey54
18,6: (111,111,111,255)  #6F6F6F  rgba(111,111,111,1)
19,6: ( 92, 92, 92,255)  #5C5C5C  grey36
20,6: (112,112,112,255)  #707070  grey44
21,6: (140,140,140,255)  #8C8C8C  grey55
22,6: (142,142,142,255)  #8E8E8E  rgba(142,142,142,1)
23,6: (111,111,111,255)  #6F6F6F  rgba(111,111,111,1)
0,7: (174,174,174,255)  #AEAEAE  rgba(174,174,174,1)
1,7: (148,148,148,255)  #949494  grey58
2,7: (149,149,149,255)  #959595  rgba(149,149,149,1)
3,7: (149,149,149,255)  #959595  rgba(149,149,149,1)
4,7: (148,148,148,255)  #949494  grey58
5,7: (145,145,145,255)  #919191  grey57
6,7: (143,143,143,255)  #8F8F8F  grey56
7,7: (142,142,142,255)  #8E8E8E  rgba(142,142,142,1)
8,7: (142,142,142,255)  #8E8E8E  rgba(142,142,142,1)
9,7: (142,142,142,255)  #8E8E8E  rgba(142,142,142,1)
10,7: (142,142,142,255)  #8E8E8E  rgba(142,142,142,1)
11,7: (142,142,142,255)  #8E8E8E  rgba(142,142,142,1)
12,7: (141,141,141,255)  #8D8D8D  rgba(141,141,141,1)
13,7: (140,140,140,255)  #8C8C8C  grey55
14,7: (140,140,140,255)  #8C8C8C  grey55
15,7: (140,140,140,255)  #8C8C8C  grey55
16,7: (141,141,141,255)  #8D8D8D  rgba(141,141,141,1)
17,7: (142,142,142,255)  #8E8E8E  rgba(142,142,142,1)
18,7: (142,142,142,255)  #8E8E8E  rgba(142,142,142,1)
19,7: (142,142,142,255)  #8E8E8E  rgba(142,142,142,1)
20,7: (142,142,142,255)  #8E8E8E  rgba(142,142,142,1)
21,7: (142,142,142,255)  #8E8E8E  rgba(142,142,142,1)
22,7: (142,142,142,255)  #8E8E8E  rgba(142,142,142,1)
23,7: (112,112,112,255)  #707070  grey44
0,8: (174,174,174,255)  #AEAEAE  rgba(174,174,174,1)
1,8: (148,148,148,255)  #949494  grey58
2,8: (150,150,150,255)  #969696  grey59
3,8: (150,150,150,255)  #969696  grey59
4,8: (148,148,148,255)  #949494  grey58
5,8: (145,145,145,255)  #919191  grey57
6,8: (142,142,142,255)  #8E8E8E  rgba(142,142,142,1)
7,8: (140,140,140,255)  #8C8C8C  grey55
8,8: (140,140,140,255)  #8C8C8C  grey55
9,8: (140,140,140,255)  #8C8C8C  grey55
10,8: (140,140,140,255)  #8C8C8C  grey55
11,8: (140,140,140,255)  #8C8C8C  grey55
12,8: (140,140,140,255)  #8C8C8C  grey55
13,8: (140,140,140,255)  #8C8C8C  grey55
14,8: (140,140,140,255)  #8C8C8C  grey55
15,8: (141,141,141,255)  #8D8D8D  rgba(141,141,141,1)
16,8: (142,142,142,255)  #8E8E8E  rgba(142,142,142,1)
17,8: (143,143,143,255)  #8F8F8F  grey56
18,8: (143,143,143,255)  #8F8F8F  grey56
19,8: (143,143,143,255)  #8F8F8F  grey56
20,8: (142,142,142,255)  #8E8E8E  rgba(142,142,142,1)
21,8: (142,142,142,255)  #8E8E8E  rgba(142,142,142,1)
22,8: (142,142,142,255)  #8E8E8E  rgba(142,142,142,1)
23,8: (113,113,113,255)  #717171  rgba(113,113,113,1)
0,9: (173,173,173,255)  #ADADAD  grey68
1,9: (148,148,148,255)  #949494  grey58
2,9: (150,150,150,255)  #969696  grey59
3,9: (150,150,150,255)  #969696  grey59
4,9: (148,148,148,255)  #949494  grey58
5,9: (144,144,144,255)  #909090  rgba(144,144,144,1)
6,9: (141,141,141,255)  #8D8D8D  rgba(141,141,141,1)
7,9: (139,139,139,255)  #8B8B8B  rgba(139,139,139,1)
8,9: (137,137,137,255)  #898989  rgba(137,137,137,1)
9,9: (137,137,137,255)  #898989  rgba(137,137,137,1)
10,9: (138,138,138,255)  #8A8A8A  grey54
11,9: (138,138,138,255)  #8A8A8A  grey54
12,9: (138,138,138,255)  #8A8A8A  grey54
13,9: (138,138,138,255)  #8A8A8A  grey54
14,9: (139,139,139,255)  #8B8B8B  rgba(139,139,139,1)
15,9: (140,140,140,255)  #8C8C8C  grey55
16,9: (142,142,142,255)  #8E8E8E  rgba(142,142,142,1)
17,9: (143,143,143,255)  #8F8F8F  grey56
18,9: (143,143,143,255)  #8F8F8F  grey56
19,9: (143,143,143,255)  #8F8F8F  grey56
20,9: (143,143,143,255)  #8F8F8F  grey56
21,9: (142,142,142,255)  #8E8E8E  rgba(142,142,142,1)
22,9: (143,143,143,255)  #8F8F8F  grey56
23,9: (113,113,113,255)  #717171  rgba(113,113,113,1)
0,10: (172,172,172,255)  #ACACAC  rgba(172,172,172,1)
1,10: (146,146,146,255)  #929292  rgba(146,146,146,1)
2,10: (148,148,148,255)  #949494  grey58
3,10: (148,148,148,255)  #949494  grey58
4,10: (146,146,146,255)  #929292  rgba(146,146,146,1)
5,10: (143,143,143,255)  #8F8F8F  grey56
6,10: (140,140,140,255)  #8C8C8C  grey55
7,10: (136,136,136,255)  #888888  rgba(136,136,136,1)
8,10: (135,135,135,255)  #878787  grey53
9,10: (135,135,135,255)  #878787  grey53
10,10: (135,135,135,255)  #878787  grey53
11,10: (135,135,135,255)  #878787  grey53
12,10: (136,136,136,255)  #888888  rgba(136,136,136,1)
13,10: (136,136,136,255)  #888888  rgba(136,136,136,1)
14,10: (137,137,137,255)  #898989  rgba(137,137,137,1)
15,10: (139,139,139,255)  #8B8B8B  rgba(139,139,139,1)
16,10: (141,141,141,255)  #8D8D8D  rgba(141,141,141,1)
17,10: (143,143,143,255)  #8F8F8F  grey56
18,10: (144,144,144,255)  #909090  rgba(144,144,144,1)
19,10: (145,145,145,255)  #919191  grey57
20,10: (144,144,144,255)  #909090  rgba(144,144,144,1)
21,10: (143,143,143,255)  #8F8F8F  grey56
22,10: (143,143,143,255)  #8F8F8F  grey56
23,10: (114,114,114,255)  #727272  rgba(114,114,114,1)
0,11: (172,172,172,255)  #ACACAC  rgba(172,172,172,1)
1,11: (144,144,144,255)  #909090  rgba(144,144,144,1)
2,11: (145,145,145,255)  #919191  grey57
3,11: (146,146,146,255)  #929292  rgba(146,146,146,1)
4,11: (144,144,144,255)  #909090  rgba(144,144,144,1)
5,11: (141,141,141,255)  #8D8D8D  rgba(141,141,141,1)
6,11: (138,138,138,255)  #8A8A8A  grey54
7,11: (135,135,135,255)  #878787  grey53
8,11: (133,133,133,255)  #858585  grey52
9,11: (133,133,133,255)  #858585  grey52
10,11: (134,134,134,255)  #868686  rgba(134,134,134,1)
11,11: (134,134,134,255)  #868686  rgba(134,134,134,1)
12,11: (134,134,134,255)  #868686  rgba(134,134,134,1)
13,11: (134,134,134,255)  #868686  rgba(134,134,134,1)
14,11: (135,135,135,255)  #878787  grey53
15,11: (137,137,137,255)  #898989  rgba(137,137,137,1)
16,11: (140,140,140,255)  #8C8C8C  grey55
17,11: (143,143,143,255)  #8F8F8F  grey56
18,11: (145,145,145,255)  #919191  grey57
19,11: (146,146,146,255)  #929292  rgba(146,146,146,1)
20,11: (146,146,146,255)  #929292  rgba(146,146,146,1)
21,11: (145,145,145,255)  #919191  grey57
22,11: (144,144,144,255)  #909090  rgba(144,144,144,1)
23,11: (114,114,114,255)  #727272  rgba(114,114,114,1)
0,12: (171,171,171,255)  #ABABAB  grey67
1,12: (142,142,142,255)  #8E8E8E  rgba(142,142,142,1)
2,12: (142,142,142,255)  #8E8E8E  rgba(142,142,142,1)
3,12: (142,142,142,255)  #8E8E8E  rgba(142,142,142,1)
4,12: (141,141,141,255)  #8D8D8D  rgba(141,141,141,1)
5,12: (139,139,139,255)  #8B8B8B  rgba(139,139,139,1)
6,12: (136,136,136,255)  #888888  rgba(136,136,136,1)
7,12: (134,134,134,255)  #868686  rgba(134,134,134,1)
8,12: (133,133,133,255)  #858585  grey52
9,12: (133,133,133,255)  #858585  grey52
10,12: (133,133,133,255)  #858585  grey52
11,12: (133,133,133,255)  #858585  grey52
12,12: (133,133,133,255)  #858585  grey52
13,12: (133,133,133,255)  #858585  grey52
14,12: (134,134,134,255)  #868686  rgba(134,134,134,1)
15,12: (136,136,136,255)  #888888  rgba(136,136,136,1)
16,12: (140,140,140,255)  #8C8C8C  grey55
17,12: (143,143,143,255)  #8F8F8F  grey56
18,12: (146,146,146,255)  #929292  rgba(146,146,146,1)
19,12: (147,147,147,255)  #939393  rgba(147,147,147,1)
20,12: (147,147,147,255)  #939393  rgba(147,147,147,1)
21,12: (146,146,146,255)  #929292  rgba(146,146,146,1)
22,12: (145,145,145,255)  #919191  grey57
23,12: (115,115,115,255)  #737373  grey45
0,13: (170,170,170,255)  #AAAAAA  rgba(170,170,170,1)
1,13: (140,140,140,255)  #8C8C8C  grey55
2,13: (139,139,139,255)  #8B8B8B  rgba(139,139,139,1)
3,13: (139,139,139,255)  #8B8B8B  rgba(139,139,139,1)
4,13: (139,139,139,255)  #8B8B8B  rgba(139,139,139,1)
5,13: (137,137,137,255)  #898989  rgba(137,137,137,1)
6,13: (135,135,135,255)  #878787  grey53
7,13: (134,134,134,255)  #868686  rgba(134,134,134,1)
8,13: (133,133,133,255)  #858585  grey52
9,13: (134,134,134,255)  #868686  rgba(134,134,134,1)
10,13: (134,134,134,255)  #868686  rgba(134,134,134,1)
11,13: (133,133,133,255)  #858585  grey52
12,13: (133,133,133,255)  #858585  grey52
13,13: (133,133,133,255)  #858585  grey52
14,13: (134,134,134,255)  #868686  rgba(134,134,134,1)
15,13: (136,136,136,255)  #888888  rgba(136,136,136,1)
16,13: (140,140,140,255)  #8C8C8C  grey55
17,13: (143,143,143,255)  #8F8F8F  grey56
18,13: (146,146,146,255)  #929292  rgba(146,146,146,1)
19,13: (148,148,148,255)  #949494  grey58
20,13: (147,147,147,255)  #939393  rgba(147,147,147,1)
21,13: (146,146,146,255)  #929292  rgba(146,146,146,1)
22,13: (146,146,146,255)  #929292  rgba(146,146,146,1)
23,13: (116,116,116,255)  #747474  rgba(116,116,116,1)
0,14: (170,170,170,255)  #AAAAAA  rgba(170,170,170,1)
1,14: (138,138,138,255)  #8A8A8A  grey54
2,14: (137,137,137,255)  #898989  rgba(137,137,137,1)
3,14: (136,136,136,255)  #888888  rgba(136,136,136,1)
4,14: (136,136,136,255)  #888888  rgba(136,136,136,1)
5,14: (136,136,136,255)  #888888  rgba(136,136,136,1)
6,14: (135,135,135,255)  #878787  grey53
7,14: (135,135,135,255)  #878787  grey53
8,14: (135,135,135,255)  #878787  grey53
9,14: (136,136,136,255)  #888888  rgba(136,136,136,1)
10,14: (136,136,136,255)  #888888  rgba(136,136,136,1)
11,14: (135,135,135,255)  #878787  grey53
12,14: (135,135,135,255)  #878787  grey53
13,14: (134,134,134,255)  #868686  rgba(134,134,134,1)
14,14: (134,134,134,255)  #868686  rgba(134,134,134,1)
15,14: (136,136,136,255)  #888888  rgba(136,136,136,1)
16,14: (139,139,139,255)  #8B8B8B  rgba(139,139,139,1)
17,14: (142,142,142,255)  #8E8E8E  rgba(142,142,142,1)
18,14: (145,145,145,255)  #919191  grey57
19,14: (146,146,146,255)  #929292  rgba(146,146,146,1)
20,14: (146,146,146,255)  #929292  rgba(146,146,146,1)
21,14: (146,146,146,255)  #929292  rgba(146,146,146,1)
22,14: (146,146,146,255)  #929292  rgba(146,146,146,1)
23,14: (116,116,116,255)  #747474  rgba(116,116,116,1)
0,15: (169,169,169,255)  #A9A9A9  DarkGray
1,15: (137,137,137,255)  #898989  rgba(137,137,137,1)
2,15: (135,135,135,255)  #878787  grey53
3,15: (135,135,135,255)  #878787  grey53
4,15: (135,135,135,255)  #878787  grey53
5,15: (135,135,135,255)  #878787  grey53
6,15: (136,136,136,255)  #888888  rgba(136,136,136,1)
7,15: (137,137,137,255)  #898989  rgba(137,137,137,1)
8,15: (138,138,138,255)  #8A8A8A  grey54
9,15: (139,139,139,255)  #8B8B8B  rgba(139,139,139,1)
10,15: (138,138,138,255)  #8A8A8A  grey54
11,15: (137,137,137,255)  #898989  rgba(137,137,137,1)
12,15: (136,136,136,255)  #888888  rgba(136,136,136,1)
13,15: (135,135,135,255)  #878787  grey53
14,15: (135,135,135,255)  #878787  grey53
15,15: (135,135,135,255)  #878787  grey53
16,15: (137,137,137,255)  #898989  rgba(137,137,137,1)
17,15: (140,140,140,255)  #8C8C8C  grey55
18,15: (142,142,142,255)  #8E8E8E  rgba(142,142,142,1)
19,15: (144,144,144,255)  #909090  rgba(144,144,144,1)
20,15: (145,145,145,255)  #919191  grey57
21,15: (146,146,146,255)  #929292  rgba(146,146,146,1)
22,15: (146,146,146,255)  #929292  rgba(146,146,146,1)
23,15: (117,117,117,255)  #757575  grey46
0,16: (169,169,169,255)  #A9A9A9  DarkGray
1,16: (137,137,137,255)  #898989  rgba(137,137,137,1)
2,16: (135,135,135,255)  #878787  grey53
3,16: (134,134,134,255)  #868686  rgba(134,134,134,1)
4,16: (135,135,135,255)  #878787  grey53
5,16: (136,136,136,255)  #888888  rgba(136,136,136,1)
6,16: (137,137,137,255)  #898989  rgba(137,137,137,1)
7,16: (139,139,139,255)  #8B8B8B  rgba(139,139,139,1)
8,16: (140,140,140,255)  #8C8C8C  grey55
9,16: (141,141,141,255)  #8D8D8D  rgba(141,141,141,1)
10,16: (140,140,140,255)  #8C8C8C  grey55
11,16: (139,139,139,255)  #8B8B8B  rgba(139,139,139,1)
12,16: (138,138,138,255)  #8A8A8A  grey54
13,16: (136,136,136,255)  #888888  rgba(136,136,136,1)
14,16: (135,135,135,255)  #878787  grey53
15,16: (134,134,134,255)  #868686  rgba(134,134,134,1)
16,16: (135,135,135,255)  #878787  grey53
17,16: (136,136,136,255)  #888888  rgba(136,136,136,1)
18,16: (138,138,138,255)  #8A8A8A  grey54
19,16: (141,141,141,255)  #8D8D8D  rgba(141,141,141,1)
20,16: (143,143,143,255)  #8F8F8F  grey56
21,16: (145,145,145,255)  #919191  grey57
22,16: (146,146,146,255)  #929292  rgba(146,146,146,1)
23,16: (117,117,117,255)  #757575  grey46
0,17: (169,169,169,255)  #A9A9A9  DarkGray
1,17: (138,138,138,255)  #8A8A8A  grey54
2,17: (134,134,134,255)  #868686  rgba(134,134,134,1)
3,17: (165,165,165,255)  #A5A5A5  rgba(165,165,165,1)
4,17: (168,168,168,255)  #A8A8A8  grey66
5,17: (155,155,155,255)  #9B9B9B  rgba(155,155,155,1)
6,17: (137,137,137,255)  #898989  rgba(137,137,137,1)
7,17: (141,141,141,255)  #8D8D8D  rgba(141,141,141,1)
8,17: (142,142,142,255)  #8E8E8E  rgba(142,142,142,1)
9,17: (142,142,142,255)  #8E8E8E  rgba(142,142,142,1)
10,17: (142,142,142,255)  #8E8E8E  rgba(142,142,142,1)
11,17: (141,141,141,255)  #8D8D8D  rgba(141,141,141,1)
12,17: (139,139,139,255)  #8B8B8B  rgba(139,139,139,1)
13,17: (137,137,137,255)  #898989  rgba(137,137,137,1)
14,17: (135,135,135,255)  #878787  grey53
15,17: (134,134,134,255)  #868686  rgba(134,134,134,1)
16,17: (133,133,133,255)  #858585  grey52
17,17: (131,131,131,255)  #838383  rgba(131,131,131,1)
18,17: (165,165,165,255)  #A5A5A5  rgba(165,165,165,1)
19,17: (169,169,169,255)  #A9A9A9  DarkGray
20,17: (158,158,158,255)  #9E9E9E  grey62
21,17: (142,142,142,255)  #8E8E8E  rgba(142,142,142,1)
22,17: (146,146,146,255)  #929292  rgba(146,146,146,1)
23,17: (118,118,118,255)  #767676  rgba(118,118,118,1)
0,18: (170,170,170,255)  #AAAAAA  rgba(170,170,170,1)
1,18: (139,139,139,255)  #8B8B8B  rgba(139,139,139,1)
2,18: (167,167,167,255)  #A7A7A7  rgba(167,167,167,1)
3,18: (173,173,173,255)  #ADADAD  grey68
4,18: (139,139,139,255)  #8B8B8B  rgba(139,139,139,1)
5,18: (140,140,140,255)  #8C8C8C  grey55
6,18: (111,111,111,255)  #6F6F6F  rgba(111,111,111,1)
7,18: (142,142,142,255)  #8E8E8E  rgba(142,142,142,1)
8,18: (142,142,142,255)  #8E8E8E  rgba(142,142,142,1)
9,18: (142,142,142,255)  #8E8E8E  rgba(142,142,142,1)
10,18: (142,142,142,255)  #8E8E8E  rgba(142,142,142,1)
11,18: (142,142,142,255)  #8E8E8E  rgba(142,142,142,1)
12,18: (140,140,140,255)  #8C8C8C  grey55
13,18: (138,138,138,255)  #8A8A8A  grey54
14,18: (136,136,136,255)  #888888  rgba(136,136,136,1)
15,18: (134,134,134,255)  #868686  rgba(134,134,134,1)
16,18: (132,132,132,255)  #848484  rgba(132,132,132,1)
17,18: (162,162,162,255)  #A2A2A2  rgba(162,162,162,1)
18,18: (168,168,168,255)  #A8A8A8  grey66
19,18: (136,136,136,255)  #888888  rgba(136,136,136,1)
20,18: (140,140,140,255)  #8C8C8C  grey55
21,18: (113,113,113,255)  #717171  rgba(113,113,113,1)
22,18: (146,146,146,255)  #929292  rgba(146,146,146,1)
23,18: (117,117,117,255)  #757575  grey46
0,19: (170,170,170,255)  #AAAAAA  rgba(170,170,170,1)
1,19: (140,140,140,255)  #8C8C8C  grey55
2,19: (173,173,173,255)  #ADADAD  grey68
3,19: (141,141,141,255)  #8D8D8D  rgba(141,141,141,1)
4,19: (142,142,142,255)  #8E8E8E  rgba(142,142,142,1)
5,19: (142,142,142,255)  #8E8E8E  rgba(142,142,142,1)
6,19: ( 92, 92, 92,255)  #5C5C5C  grey36
7,19: (142,142,142,255)  #8E8E8E  rgba(142,142,142,1)
8,19: (142,142,142,255)  #8E8E8E  rgba(142,142,142,1)
9,19: (142,142,142,255)  #8E8E8E  rgba(142,142,142,1)
10,19: (142,142,142,255)  #8E8E8E  rgba(142,142,142,1)
11,19: (142,142,142,255)  #8E8E8E  rgba(142,142,142,1)
12,19: (141,141,141,255)  #8D8D8D  rgba(141,141,141,1)
13,19: (140,140,140,255)  #8C8C8C  grey55
14,19: (137,137,137,255)  #898989  rgba(137,137,137,1)
15,19: (135,135,135,255)  #878787  grey53
16,19: (133,133,133,255)  #858585  grey52
17,19: (166,166,166,255)  #A6A6A6  grey65
18,19: (133,133,133,255)  #858585  grey52
19,19: (135,135,135,255)  #878787  grey53
20,19: (139,139,139,255)  #8B8B8B  rgba(139,139,139,1)
21,19: ( 93, 93, 93,255)  #5D5D5D  rgba(93,93,93,1)
22,19: (146,146,146,255)  #929292  rgba(146,146,146,1)
23,19: (117,117,117,255)  #757575  grey46
0,20: (170,170,170,255)  #AAAAAA  rgba(170,170,170,1)
1,20: (141,141,141,255)  #8D8D8D  rgba(141,141,141,1)
2,20: (159,159,159,255)  #9F9F9F  rgba(159,159,159,1)
3,20: (143,143,143,255)  #8F8F8F  grey56
4,20: (144,144,144,255)  #909090  rgba(144,144,144,1)
5,20: ( 92, 92, 92,255)  #5C5C5C  grey36
6,20: (113,113,113,255)  #717171  rgba(113,113,113,1)
7,20: (143,143,143,255)  #8F8F8F  grey56
8,20: (142,142,142,255)  #8E8E8E  rgba(142,142,142,1)
9,20: (142,142,142,255)  #8E8E8E  rgba(142,142,142,1)
10,20: (142,142,142,255)  #8E8E8E  rgba(142,142,142,1)
11,20: (143,143,143,255)  #8F8F8F  grey56
12,20: (142,142,142,255)  #8E8E8E  rgba(142,142,142,1)
13,20: (141,141,141,255)  #8D8D8D  rgba(141,141,141,1)
14,20: (140,140,140,255)  #8C8C8C  grey55
15,20: (138,138,138,255)  #8A8A8A  grey54
16,20: (136,136,136,255)  #888888  rgba(136,136,136,1)
17,20: (152,152,152,255)  #989898  rgba(152,152,152,1)
18,20: (134,134,134,255)  #868686  rgba(134,134,134,1)
19,20: (136,136,136,255)  #888888  rgba(136,136,136,1)
20,20: ( 88, 88, 88,255)  #585858  rgba(88,88,88,1)
21,20: (113,113,113,255)  #717171  rgba(113,113,113,1)
22,20: (146,146,146,255)  #929292  rgba(146,146,146,1)
23,20: (117,117,117,255)  #757575  grey46
0,21: (168,168,168,255)  #A8A8A8  grey66
1,21: (141,141,141,255)  #8D8D8D  rgba(141,141,141,1)
2,21: (141,141,141,255)  #8D8D8D  rgba(141,141,141,1)
3,21: (115,115,115,255)  #737373  grey45
4,21: ( 96, 96, 96,255)  #606060  rgba(96,96,96,1)
5,21: (116,116,116,255)  #747474  rgba(116,116,116,1)
6,21: (143,143,143,255)  #8F8F8F  grey56
7,21: (143,143,143,255)  #8F8F8F  grey56
8,21: (143,143,143,255)  #8F8F8F  grey56
9,21: (143,143,143,255)  #8F8F8F  grey56
10,21: (143,143,143,255)  #8F8F8F  grey56
11,21: (143,143,143,255)  #8F8F8F  grey56
12,21: (143,143,143,255)  #8F8F8F  grey56
13,21: (142,142,142,255)  #8E8E8E  rgba(142,142,142,1)
14,21: (141,141,141,255)  #8D8D8D  rgba(141,141,141,1)
15,21: (140,140,140,255)  #8C8C8C  grey55
16,21: (138,138,138,255)  #8A8A8A  grey54
17,21: (134,134,134,255)  #868686  rgba(134,134,134,1)
18,21: (106,106,106,255)  #6A6A6A  rgba(106,106,106,1)
19,21: ( 88, 88, 88,255)  #585858  rgba(88,88,88,1)
20,21: (110,110,110,255)  #6E6E6E  grey43
21,21: (141,141,141,255)  #8D8D8D  rgba(141,141,141,1)
22,21: (146,146,146,255)  #929292  rgba(146,146,146,1)
23,21: (117,117,117,255)  #757575  grey46
0,22: (166,166,166,255)  #A6A6A6  grey65
1,22: (139,139,139,255)  #8B8B8B  rgba(139,139,139,1)
2,22: (142,142,142,255)  #8E8E8E  rgba(142,142,142,1)
3,22: (145,145,145,255)  #919191  grey57
4,22: (147,147,147,255)  #939393  rgba(147,147,147,1)
5,22: (147,147,147,255)  #939393  rgba(147,147,147,1)
6,22: (146,146,146,255)  #929292  rgba(146,146,146,1)
7,22: (145,145,145,255)  #919191  grey57
8,22: (144,144,144,255)  #909090  rgba(144,144,144,1)
9,22: (144,144,144,255)  #909090  rgba(144,144,144,1)
10,22: (144,144,144,255)  #909090  rgba(144,144,144,1)
11,22: (144,144,144,255)  #909090  rgba(144,144,144,1)
12,22: (143,143,143,255)  #8F8F8F  grey56
13,22: (143,143,143,255)  #8F8F8F  grey56
14,22: (142,142,142,255)  #8E8E8E  rgba(142,142,142,1)
15,22: (141,141,141,255)  #8D8D8D  rgba(141,141,141,1)
16,22: (140,140,140,255)  #8C8C8C  grey55
17,22: (138,138,138,255)  #8A8A8A  grey54
18,22: (137,137,137,255)  #898989  rgba(137,137,137,1)
19,22: (138,138,138,255)  #8A8A8A  grey54
20,22: (140,140,140,255)  #8C8C8C  grey55
21,22: (143,143,143,255)  #8F8F8F  grey56
22,22: (146,146,146,255)  #929292  rgba(146,146,146,1)
23,22: (117,117,117,255)  #757575  grey46
0,23: (104,104,104,255)  #686868  rgba(104,104,104,1)
1,23: (107,107,107,255)  #6B6B6B  grey42
2,23: (111,111,111,255)  #6F6F6F  rgba(111,111,111,1)
3,23: (115,115,115,255)  #737373  grey45
4,23: (117,117,117,255)  #757575  grey46
5,23: (118,118,118,255)  #767676  rgba(118,118,118,1)
6,23: (118,118,118,255)  #767676  rgba(118,118,118,1)
7,23: (117,117,117,255)  #757575  grey46
8,23: (117,117,117,255)  #757575  grey46
9,23: (117,117,117,255)  #757575  grey46
10,23: (116,116,116,255)  #747474  rgba(116,116,116,1)
11,23: (116,116,116,255)  #747474  rgba(116,116,116,1)
12,23: (114,114,114,255)  #727272  rgba(114,114,114,1)
13,23: (113,113,113,255)  #717171  rgba(113,113,113,1)
14,23: (113,113,113,255)  #717171  rgba(113,113,113,1)
15,23: (112,112,112,255)  #707070  grey44
16,23: (111,111,111,255)  #6F6F6F  rgba(111,111,111,1)
17,23: (109,109,109,255)  #6D6D6D  rgba(109,109,109,1)
18,23: (108,108,108,255)  #6C6C6C  rgba(108,108,108,1)
19,23: (108,108,108,255)  #6C6C6C  rgba(108,108,108,1)
20,23: (110,110,110,255)  #6E6E6E  grey43
21,23: (113,113,113,255)  #717171  rgba(113,113,113,1)
22,23: (115,115,115,255)  #737373  grey45
23,23: (117,117,117,255)  #757575  grey46
