# ImageMagick pixel enumeration: 24,24,255,rgba
0,0: (  0,  0,  0,  0)  #00000000  none
1,0: (  0,  0,  0,  0)  #00000000  none
2,0: (  0,  0,  0,  0)  #00000000  none
3,0: (  0,  0,  0,  0)  #00000000  none
4,0: (  0,  0,  0,  0)  #00000000  none
5,0: (194,194,194, 12)  #C2C2C20C  rgba(194,194,194,0.0470588)
6,0: (172,172,172, 65)  #ACACAC41  rgba(172,172,172,0.254902)
7,0: (168,168,168,144)  #A8A8A890  rgba(168,168,168,0.564706)
8,0: (186,187,187,219)  #BABBBBDB  rgba(186,187,187,0.858824)
9,0: (204,205,205,242)  #CCCDCDF2  rgba(204,205,205,0.94902)
10,0: (216,217,217,251)  #D8D9D9FB  rgba(216,217,217,0.984314)
11,0: (219,220,220,250)  #DBDCDCFA  rgba(219,220,220,0.980392)
12,0: (220,220,220,252)  #DCDCDCFC  rgba(220,220,220,0.988235)
13,0: (216,217,217,248)  #D8D9D9F8  rgba(216,217,217,0.972549)
14,0: (209,210,210,235)  #D1D2D2EB  rgba(209,210,210,0.921569)
15,0: (195,196,196,213)  #C3C4C4D5  rgba(195,196,196,0.835294)
16,0: (177,177,177,155)  #B1B1B19B  rgba(177,177,177,0.607843)
17,0: (176,176,176, 65)  #B0B0B041  rgba(176,176,176,0.254902)
18,0: (201,201,201, 12)  #C9C9C90C  rgba(201,201,201,0.0470588)
19,0: (  0,  0,  0,  0)  #00000000  none
20,0: (  0,  0,  0,  0)  #00000000  none
21,0: (  0,  0,  0,  0)  #00000000  none
22,0: (  0,  0,  0,  0)  #00000000  none
23,0: (  0,  0,  0,  0)  #00000000  none
0,1: (  0,  0,  0,  0)  #00000000  none
1,1: (  0,  0,  0,  0)  #00000000  none
2,1: (  0,  0,  0,  0)  #00000000  none
3,1: (  0,  0,  0,  0)  #00000000  none
4,1: (177,177,177, 23)  #B1B1B117  rgba(177,177,177,0.0901961)
5,1: (149,149,149,144)  #95959590  rgba(149,149,149,0.564706)
6,1: (156,157,157,236)  #9C9D9DEC  rgba(156,157,157,0.92549)
7,1: (200,200,200,253)  #C8C8C8FD  rgba(200,200,200,0.992157)
8,1: (241,241,241,255)  #F1F1F1  rgba(241,241,241,1)
9,1: (253,253,253,255)  #FDFDFD  rgba(253,253,253,1)
10,1: (245,245,245,255)  #F5F5F5  grey96
11,1: (235,235,235,255)  #EBEBEB  grey92
12,1: (235,235,235,255)  #EBEBEB  grey92
13,1: (241,241,241,255)  #F1F1F1  rgba(241,241,241,1)
14,1: (249,249,249,255)  #F9F9F9  rgba(249,249,249,1)
15,1: (253,253,253,255)  #FDFDFD  rgba(253,253,253,1)
16,1: (222,222,222,252)  #DEDEDEFC  rgba(222,222,222,0.988235)
17,1: (175,175,175,218)  #AFAFAFDA  rgba(175,175,175,0.854902)
18,1: (164,164,164,120)  #A4A4A478  rgba(164,164,164,0.470588)
19,1: (186,186,186, 31)  #BABABA1F  rgba(186,186,186,0.121569)
20,1: (  0,  0,  0,  0)  #00000000  none
21,1: (  0,  0,  0,  0)  #00000000  none
22,1: (  0,  0,  0,  0)  #00000000  none
23,1: (  0,  0,  0,  0)  #00000000  none
0,2: (  0,  0,  0,  0)  #00000000  none
1,2: (  0,  0,  0,  0)  #00000000  none
2,2: (  0,  0,  0,  0)  #00000000  none
3,2: (176,176,176, 23)  #B0B0B017  rgba(176,176,176,0.0901961)
4,2: (150,150,151,156)  #9696979C  rgba(150,150,151,0.611765)
5,2: (180,180,181,250)  #B4B4B5FA  rgba(180,180,181,0.980392)
6,2: (245,245,245,255)  #F5F5F5  grey96
7,2: (243,243,243,255)  #F3F3F3  rgba(243,243,243,1)
8,2: (206,206,206,255)  #CECECE  rgba(206,206,206,1)
9,2: (163,163,163,255)  #A3A3A3  grey64
10,2: (126,126,127,255)  #7E7E7F  rgba(126,126,127,1)
11,2: (111,112,112,255)  #6F7070  rgba(111,112,112,1)
12,2: (109,109,110,255)  #6D6D6E  rgba(109,109,110,1)
13,2: (121,121,121,255)  #797979  rgba(121,121,121,1)
14,2: (136,136,136,255)  #888888  rgba(136,136,136,1)
15,2: (155,155,155,255)  #9B9B9B  rgba(155,155,155,1)
16,2: (183,183,183,255)  #B7B7B7  rgba(183,183,183,1)
17,2: (197,197,197,254)  #C5C5C5FE  rgba(197,197,197,0.996078)
18,2: (172,172,172,249)  #ACACACF9  rgba(172,172,172,0.976471)
19,2: (147,147,147,187)  #939393BB  rgba(147,147,147,0.733333)
20,2: (169,169,169, 48)  #A9A9A930  rgba(169,169,169,0.188235)
21,2: (  0,  0,  0,  0)  #00000000  none
22,2: (  0,  0,  0,  0)  #00000000  none
23,2: (  0,  0,  0,  0)  #00000000  none
0,3: (  0,  0,  0,  0)  #00000000  none
1,3: (  0,  0,  0,  0)  #00000000  none
2,3: (176,176,176, 23)  #B0B0B017  rgba(176,176,176,0.0901961)
3,3: (149,151,151,157)  #9597979D  rgba(149,151,151,0.615686)
4,3: (184,184,185,249)  #B8B8B9F9  rgba(184,184,185,0.976471)
5,3: (251,251,251,255)  #FBFBFB  rgba(251,251,251,1)
6,3: (218,218,218,255)  #DADADA  rgba(218,218,218,1)
7,3: (148,148,148,255)  #949494  grey58
8,3: (105,106,107,255)  #696A6B  rgba(105,106,107,1)
9,3: (124,128,133,255)  #7C8085  rgba(124,128,133,1)
10,3: (152,163,173,255)  #98A3AD  rgba(152,163,173,1)
11,3: (170,189,205,255)  #AABDCD  rgba(170,189,205,1)
12,3: (160,178,193,255)  #A0B2C1  rgba(160,178,193,1)
13,3: (145,154,165,255)  #919AA5  rgba(145,154,165,1)
14,3: (130,134,138,255)  #82868A  rgba(130,134,138,1)
15,3: (120,121,121,255)  #787979  rgba(120,121,121,1)
16,3: (137,137,137,255)  #898989  rgba(137,137,137,1)
17,3: (160,160,160,255)  #A0A0A0  rgba(160,160,160,1)
18,3: (190,190,190,255)  #BEBEBE  grey
19,3: (173,173,173,254)  #ADADADFE  rgba(173,173,173,0.996078)
20,3: (142,142,142,207)  #8E8E8ECF  rgba(142,142,142,0.811765)
21,3: (156,156,156, 48)  #9C9C9C30  rgba(156,156,156,0.188235)
22,3: (  0,  0,  0,  0)  #00000000  none
23,3: (  0,  0,  0,  0)  #00000000  none
0,4: (  0,  0,  0,  0)  #00000000  none
1,4: (176,176,176, 23)  #B0B0B017  rgba(176,176,176,0.0901961)
2,4: (149,150,150,159)  #9596969F  rgba(149,150,150,0.623529)
3,4: (184,184,185,250)  #B8B8B9FA  rgba(184,184,185,0.980392)
4,4: (251,251,251,255)  #FBFBFB  rgba(251,251,251,1)
5,4: (211,211,211,255)  #D3D3D3  LightGray
6,4: (130,131,131,255)  #828383  rgba(130,131,131,1)
7,4: (140,149,156,255)  #8C959C  rgba(140,149,156,1)
8,4: (177,211,218,255)  #B1D3DA  rgba(177,211,218,1)
9,4: (163,232,239,255)  #A3E8EF  rgba(163,232,239,1)
10,4: (164,230,244,255)  #A4E6F4  rgba(164,230,244,1)
11,4: (161,225,244,255)  #A1E1F4  rgba(161,225,244,1)
12,4: (164,223,243,255)  #A4DFF3  rgba(164,223,243,1)
13,4: (145,220,238,255)  #91DCEE  rgba(145,220,238,1)
14,4: (127,214,229,255)  #7FD6E5  rgba(127,214,229,1)
15,4: (140,184,200,255)  #8CB8C8  rgba(140,184,200,1)
16,4: (136,148,155,255)  #88949B  rgba(136,148,155,1)
17,4: (123,125,126,255)  #7B7D7E  rgba(123,125,126,1)
18,4: (152,152,152,255)  #989898  rgba(152,152,152,1)
19,4: (185,185,185,255)  #B9B9B9  rgba(185,185,185,1)
20,4: (152,152,152,254)  #989898FE  rgba(152,152,152,0.996078)
21,4: (124,124,124,193)  #7C7C7CC1  rgba(124,124,124,0.756863)
22,4: (154,154,154, 35)  #9A9A9A23  rgba(154,154,154,0.137255)
23,4: (  0,  0,  0,  0)  #00000000  none
0,5: (193,193,193, 12)  #C1C1C10C  rgba(193,193,193,0.0470588)
1,5: (149,149,149,148)  #95959594  rgba(149,149,149,0.580392)
2,5: (185,185,185,252)  #B9B9B9FC  rgba(185,185,185,0.988235)
3,5: (251,251,251,255)  #FBFBFB  rgba(251,251,251,1)
4,5: (217,217,217,255)  #D9D9D9  grey85
5,5: (130,131,131,255)  #828383  rgba(130,131,131,1)
6,5: (146,166,167,255)  #92A6A7  rgba(146,166,167,1)
7,5: (187,234,240,255)  #BBEAF0  rgba(187,234,240,1)
8,5: (177,231,247,255)  #B1E7F7  rgba(177,231,247,1)
9,5: (157,229,247,255)  #9DE5F7  rgba(157,229,247,1)
10,5: (148,228,247,255)  #94E4F7  rgba(148,228,247,1)
11,5: (128,220,245,255)  #80DCF5  rgba(128,220,245,1)
12,5: (113,220,244,255)  #71DCF4  rgba(113,220,244,1)
13,5: (120,222,244,255)  #78DEF4  rgba(120,222,244,1)
14,5: (151,224,245,255)  #97E0F5  rgba(151,224,245,1)
15,5: (157,224,243,255)  #9DE0F3  rgba(157,224,243,1)
16,5: (121,221,237,255)  #79DDED  rgba(121,221,237,1)
17,5: (138,183,200,255)  #8AB7C8  rgba(138,183,200,1)
18,5: (120,123,125,255)  #787B7D  rgba(120,123,125,1)
19,5: (160,160,160,255)  #A0A0A0  rgba(160,160,160,1)
20,5: (175,175,175,255)  #AFAFAF  rgba(175,175,175,1)
21,5: (130,130,130,253)  #828282FD  rgba(130,130,130,0.992157)
22,5: (129,129,129,152)  #81818198  rgba(129,129,129,0.596078)
23,5: (185,185,185, 12)  #B9B9B90C  rgba(185,185,185,0.0470588)
0,6: (171,171,171, 62)  #ABABAB3E  rgba(171,171,171,0.243137)
1,6: (154,155,155,238)  #9A9B9BEE  rgba(154,155,155,0.933333)
2,6: (247,247,247,255)  #F7F7F7  grey97
3,6: (224,224,224,255)  #E0E0E0  grey88
4,6: (133,133,133,255)  #858585  grey52
5,6: (145,157,157,255)  #919D9D  rgba(145,157,157,1)
6,6: (205,231,239,255)  #CDE7EF  rgba(205,231,239,1)
7,6: (170,229,247,255)  #AAE5F7  rgba(170,229,247,1)
8,6: (155,225,245,255)  #9BE1F5  rgba(155,225,245,1)
9,6: (147,220,244,255)  #93DCF4  rgba(147,220,244,1)
10,6: (153,225,246,255)  #99E1F6  rgba(153,225,246,1)
11,6: (140,225,247,255)  #8CE1F7  rgba(140,225,247,1)
12,6: (135,224,246,255)  #87E0F6  rgba(135,224,246,1)
13,6: (141,224,245,255)  #8DE0F5  rgba(141,224,245,1)
14,6: (135,227,247,255)  #87E3F7  rgba(135,227,247,1)
15,6: (126,228,246,255)  #7EE4F6  rgba(126,228,246,1)
16,6: (141,227,245,255)  #8DE3F5  rgba(141,227,245,1)
17,6: (130,224,243,255)  #82E0F3  rgba(130,224,243,1)
18,6: (126,176,194,255)  #7EB0C2  rgba(126,176,194,1)
19,6: (134,137,138,255)  #86898A  rgba(134,137,138,1)
20,6: (170,170,170,255)  #AAAAAA  rgba(170,170,170,1)
21,6: (152,152,152,255)  #989898  rgba(152,152,152,1)
22,6: (120,120,120,235)  #787878EB  rgba(120,120,120,0.921569)
23,6: (167,167,167, 62)  #A7A7A73E  rgba(167,167,167,0.243137)
0,7: (168,168,168,128)  #A8A8A880  rgba(168,168,168,0.501961)
1,7: (195,195,195,252)  #C3C3C3FC  rgba(195,195,195,0.988235)
2,7: (241,241,241,255)  #F1F1F1  rgba(241,241,241,1)
3,7: (146,146,146,255)  #929292  rgba(146,146,146,1)
4,7: (125,128,129,255)  #7D8081  rgba(125,128,129,1)
5,7: (217,232,236,255)  #D9E8EC  rgba(217,232,236,1)
6,7: (167,230,247,255)  #A7E6F7  rgba(167,230,247,1)
7,7: (139,225,247,255)  #8BE1F7  rgba(139,225,247,1)
8,7: (147,226,247,255)  #93E2F7  rgba(147,226,247,1)
9,7: (161,226,247,255)  #A1E2F7  rgba(161,226,247,1)
10,7: (168,229,247,255)  #A8E5F7  rgba(168,229,247,1)
11,7: (167,233,248,255)  #A7E9F8  rgba(167,233,248,1)
12,7: (159,231,247,255)  #9FE7F7  rgba(159,231,247,1)
13,7: (145,228,247,255)  #91E4F7  rgba(145,228,247,1)
14,7: (139,230,247,255)  #8BE6F7  rgba(139,230,247,1)
15,7: (119,232,247,255)  #77E8F7  rgba(119,232,247,1)
16,7: (125,231,247,255)  #7DE7F7  rgba(125,231,247,1)
17,7: (125,233,248,255)  #7DE9F8  rgba(125,233,248,1)
18,7: (135,225,240,255)  #87E1F0  rgba(135,225,240,1)
19,7: (132,169,178,255)  #84A9B2  rgba(132,169,178,1)
20,7: (170,170,170,255)  #AAAAAA  rgba(170,170,170,1)
21,7: (158,158,158,255)  #9E9E9E  grey62
22,7: (124,124,124,252)  #7C7C7CFC  rgba(124,124,124,0.988235)
23,7: (161,161,161,128)  #A1A1A180  rgba(161,161,161,0.501961)
0,8: (180,181,181,211)  #B4B5B5D3  rgba(180,181,181,0.827451)
1,8: (237,237,237,255)  #EDEDED  grey93
2,8: (202,202,202,255)  #CACACA  rgba(202,202,202,1)
3,8: (101,104,104,255)  #656868  rgba(101,104,104,1)
4,8: (205,214,217,255)  #CDD6D9  rgba(205,214,217,1)
5,8: (192,237,249,255)  #C0EDF9  rgba(192,237,249,1)
6,8: (185,235,249,255)  #B9EBF9  rgba(185,235,249,1)
7,8: (144,228,246,255)  #90E4F6  rgba(144,228,246,1)
8,8: (151,233,248,255)  #97E9F8  rgba(151,233,248,1)
9,8: (193,236,250,255)  #C1ECFA  rgba(193,236,250,1)
10,8: (165,232,249,255)  #A5E8F9  rgba(165,232,249,1)
11,8: (154,232,248,255)  #9AE8F8  rgba(154,232,248,1)
12,8: (164,235,249,255)  #A4EBF9  rgba(164,235,249,1)
13,8: (157,232,247,255)  #9DE8F7  rgba(157,232,247,1)
14,8: (134,230,246,255)  #86E6F6  rgba(134,230,246,1)
15,8: (118,226,244,255)  #76E2F4  rgba(118,226,244,1)
16,8: (106,224,244,255)  #6AE0F4  rgba(106,224,244,1)
17,8: (125,229,246,255)  #7DE5F6  rgba(125,229,246,1)
18,8: (173,233,247,255)  #ADE9F7  rgba(173,233,247,1)
19,8: (144,212,223,255)  #90D4DF  rgba(144,212,223,1)
20,8: (170,176,177,255)  #AAB0B1  rgba(170,176,177,1)
21,8: (175,175,175,255)  #AFAFAF  rgba(175,175,175,1)
22,8: (136,136,136,254)  #888888FE  rgba(136,136,136,0.996078)
23,8: (156,156,156,208)  #9C9C9CD0  rgba(156,156,156,0.815686)
0,9: (201,202,202,247)  #C9CACAF7  rgba(201,202,202,0.968627)
1,9: (255,255,255,255)  #FFFFFF  white
2,9: (157,157,157,255)  #9D9D9D  rgba(157,157,157,1)
3,9: (122,132,133,255)  #7A8485  rgba(122,132,133,1)
4,9: (218,236,242,255)  #DAECF2  rgba(218,236,242,1)
5,9: (170,233,249,255)  #AAE9F9  rgba(170,233,249,1)
6,9: (162,239,249,255)  #A2EFF9  rgba(162,239,249,1)
7,9: (157,241,251,255)  #9DF1FB  rgba(157,241,251,1)
8,9: (139,236,249,255)  #8BECF9  rgba(139,236,249,1)
9,9: (213,243,252,255)  #D5F3FC  rgba(213,243,252,1)
10,9: (170,229,247,255)  #AAE5F7  rgba(170,229,247,1)
11,9: (188,239,251,255)  #BCEFFB  rgba(188,239,251,1)
12,9: (154,236,249,255)  #9AECF9  rgba(154,236,249,1)
13,9: (145,230,246,255)  #91E6F6  rgba(145,230,246,1)
14,9: (123,228,245,255)  #7BE4F5  rgba(123,228,245,1)
15,9: (127,228,245,255)  #7FE4F5  rgba(127,228,245,1)
16,9: (141,228,245,255)  #8DE4F5  rgba(141,228,245,1)
17,9: (136,228,246,255)  #88E4F6  rgba(136,228,246,1)
18,9: (134,232,247,255)  #86E8F7  rgba(134,232,247,1)
19,9: (184,228,238,255)  #B8E4EE  rgba(184,228,238,1)
20,9: (154,170,171,255)  #9AAAAB  rgba(154,170,171,1)
21,9: (215,215,215,255)  #D7D7D7  rgba(215,215,215,1)
22,9: (143,143,143,255)  #8F8F8F  grey56
23,9: (153,154,154,241)  #999A9AF1  rgba(153,154,154,0.945098)
0,10: (212,212,213,251)  #D4D4D5FB  rgba(212,212,213,0.984314)
1,10: (243,243,243,255)  #F3F3F3  rgba(243,243,243,1)
2,10: (118,120,120,255)  #767878  rgba(118,120,120,1)
3,10: (151,184,187,255)  #97B8BB  rgba(151,184,187,1)
4,10: (174,235,246,255)  #AEEBF6  rgba(174,235,246,1)
5,10: (190,237,250,255)  #BEEDFA  rgba(190,237,250,1)
6,10: (129,231,249,255)  #81E7F9  rgba(129,231,249,1)
7,10: (180,247,252,255)  #B4F7FC  rgba(180,247,252,1)
8,10: (146,227,249,255)  #92E3F9  rgba(146,227,249,1)
9,10: (214,244,252,255)  #D6F4FC  rgba(214,244,252,1)
10,10: (181,231,248,255)  #B5E7F8  rgba(181,231,248,1)
11,10: (197,238,251,255)  #C5EEFB  rgba(197,238,251,1)
12,10: (170,233,247,255)  #AAE9F7  rgba(170,233,247,1)
13,10: (155,229,245,255)  #9BE5F5  rgba(155,229,245,1)
14,10: (103,222,244,255)  #67DEF4  rgba(103,222,244,1)
15,10: (106,219,244,255)  #6ADBF4  rgba(106,219,244,1)
16,10: (160,231,247,255)  #A0E7F7  rgba(160,231,247,1)
17,10: (156,236,248,255)  #9CECF8  rgba(156,236,248,1)
18,10: (138,233,248,255)  #8AE9F8  rgba(138,233,248,1)
19,10: (151,230,245,255)  #97E6F5  rgba(151,230,245,1)
20,10: (161,181,185,255)  #A1B5B9  rgba(161,181,185,1)
21,10: (227,228,228,255)  #E3E4E4  rgba(227,228,228,1)
22,10: (155,155,155,255)  #9B9B9B  rgba(155,155,155,1)
23,10: (155,156,156,248)  #9B9C9CF8  rgba(155,156,156,0.972549)
0,11: (217,217,217,253)  #D9D9D9FD  rgba(217,217,217,0.992157)
1,11: (228,228,228,255)  #E4E4E4  rgba(228,228,228,1)
2,11: ( 98, 99, 99,255)  #626363  rgba(98,99,99,1)
3,11: (170,205,209,255)  #AACDD1  rgba(170,205,209,1)
4,11: (139,233,248,255)  #8BE9F8  rgba(139,233,248,1)
5,11: (174,243,252,255)  #AEF3FC  rgba(174,243,252,1)
6,11: (135,222,250,255)  #87DEFA  rgba(135,222,250,1)
7,11: (189,248,253,255)  #BDF8FD  rgba(189,248,253,1)
8,11: (178,232,252,255)  #B2E8FC  rgba(178,232,252,1)
9,11: (207,241,250,255)  #CFF1FA  rgba(207,241,250,1)
10,11: (157,230,247,255)  #9DE6F7  rgba(157,230,247,1)
11,11: (107,227,247,255)  #6BE3F7  rgba(107,227,247,1)
12,11: (105,211,246,255)  #69D3F6  rgba(105,211,246,1)
13,11: (112,209,245,255)  #70D1F5  rgba(112,209,245,1)
14,11: (112,209,245,255)  #70D1F5  rgba(112,209,245,1)
15,11: (107,216,245,255)  #6BD8F5  rgba(107,216,245,1)
16,11: (188,231,247,255)  #BCE7F7  rgba(188,231,247,1)
17,11: (197,244,251,255)  #C5F4FB  rgba(197,244,251,1)
18,11: (199,240,251,255)  #C7F0FB  rgba(199,240,251,1)
19,11: (130,227,246,255)  #82E3F6  rgba(130,227,246,1)
20,11: (175,198,204,255)  #AFC6CC  rgba(175,198,204,1)
21,11: (214,215,215,255)  #D6D7D7  rgba(214,215,215,1)
22,11: (165,165,165,255)  #A5A5A5  rgba(165,165,165,1)
23,11: (155,155,155,252)  #9B9B9BFC  rgba(155,155,155,0.988235)
0,12: (217,217,217,254)  #D9D9D9FE  rgba(217,217,217,0.996078)
1,12: (220,220,220,255)  #DCDCDC  gainsboro
2,12: ( 95, 96, 96,255)  #5F6060  rgba(95,96,96,1)
3,12: (184,207,210,255)  #B8CFD2  rgba(184,207,210,1)
4,12: (134,231,249,255)  #86E7F9  rgba(134,231,249,1)
5,12: (181,247,253,255)  #B5F7FD  rgba(181,247,253,1)
6,12: (158,226,252,255)  #9EE2FC  rgba(158,226,252,1)
7,12: (175,242,252,255)  #AFF2FC  rgba(175,242,252,1)
8,12: (196,233,253,255)  #C4E9FD  rgba(196,233,253,1)
9,12: (201,239,249,255)  #C9EFF9  rgba(201,239,249,1)
10,12: (122,225,246,255)  #7AE1F6  rgba(122,225,246,1)
11,12: (109,194,246,255)  #6DC2F6  rgba(109,194,246,1)
12,12: (113,199,246,255)  #71C7F6  rgba(113,199,246,1)
13,12: (108,203,244,255)  #6CCBF4  rgba(108,203,244,1)
14,12: (106,216,244,255)  #6AD8F4  rgba(106,216,244,1)
15,12: (163,228,246,255)  #A3E4F6  rgba(163,228,246,1)
16,12: (125,228,246,255)  #7DE4F6  rgba(125,228,246,1)
17,12: (218,248,252,255)  #DAF8FC  rgba(218,248,252,1)
18,12: (214,247,253,255)  #D6F7FD  rgba(214,247,253,1)
19,12: (116,227,246,255)  #74E3F6  rgba(116,227,246,1)
20,12: (167,189,195,255)  #A7BDC3  rgba(167,189,195,1)
21,12: (206,207,207,255)  #CECFCF  rgba(206,207,207,1)
22,12: (181,181,181,255)  #B5B5B5  grey71
23,12: (158,158,158,253)  #9E9E9EFD  rgba(158,158,158,0.992157)
0,13: (209,209,209,255)  #D1D1D1  grey82
1,13: (224,224,224,255)  #E0E0E0  grey88
2,13: (102,102,103,255)  #666667  rgba(102,102,103,1)
3,13: (169,186,189,255)  #A9BABD  rgba(169,186,189,1)
4,13: (139,227,245,255)  #8BE3F5  rgba(139,227,245,1)
5,13: (175,246,251,255)  #AFF6FB  rgba(175,246,251,1)
6,13: (183,224,252,255)  #B7E0FC  rgba(183,224,252,1)
7,13: (139,233,248,255)  #8BE9F8  rgba(139,233,248,1)
8,13: (178,224,252,255)  #B2E0FC  rgba(178,224,252,1)
9,13: (239,251,254,255)  #EFFBFE  rgba(239,251,254,1)
10,13: (200,237,254,255)  #C8EDFE  rgba(200,237,254,1)
11,13: (198,232,254,255)  #C6E8FE  rgba(198,232,254,1)
12,13: (236,249,253,255)  #ECF9FD  rgba(236,249,253,1)
13,13: (162,233,249,255)  #A2E9F9  rgba(162,233,249,1)
14,13: (110,199,245,255)  #6EC7F5  rgba(110,199,245,1)
15,13: (108,206,246,255)  #6CCEF6  rgba(108,206,246,1)
16,13: (148,230,247,255)  #94E6F7  rgba(148,230,247,1)
17,13: (200,249,252,255)  #C8F9FC  rgba(200,249,252,1)
18,13: (235,248,252,255)  #EBF8FC  rgba(235,248,252,1)
19,13: (112,223,240,255)  #70DFF0  rgba(112,223,240,1)
20,13: (159,172,175,255)  #9FACAF  rgba(159,172,175,1)
21,13: (232,232,232,255)  #E8E8E8  grey91
22,13: (186,186,186,255)  #BABABA  grey73
23,13: (158,158,158,255)  #9E9E9E  grey62
0,14: (200,200,200,255)  #C8C8C8  rgba(200,200,200,1)
1,14: (237,237,237,255)  #EDEDED  grey93
2,14: (116,116,116,255)  #747474  rgba(116,116,116,1)
3,14: (135,144,145,255)  #879091  rgba(135,144,145,1)
4,14: (150,221,234,255)  #96DDEA  rgba(150,221,234,1)
5,14: (167,239,250,255)  #A7EFFA  rgba(167,239,250,1)
6,14: (190,222,253,255)  #BEDEFD  rgba(190,222,253,1)
7,14: (167,239,249,255)  #A7EFF9  rgba(167,239,249,1)
8,14: (115,208,248,255)  #73D0F8  rgba(115,208,248,1)
9,14: (173,244,251,255)  #ADF4FB  rgba(173,244,251,1)
10,14: (189,236,252,255)  #BDECFC  rgba(189,236,252,1)
11,14: (197,232,254,255)  #C5E8FE  rgba(197,232,254,1)
12,14: (236,254,255,255)  #ECFEFF  rgba(236,254,255,1)
13,14: (197,248,253,255)  #C5F8FD  rgba(197,248,253,1)
14,14: (162,230,246,255)  #A2E6F6  rgba(162,230,246,1)
15,14: (129,225,244,255)  #81E1F4  rgba(129,225,244,1)
16,14: (133,227,247,255)  #85E3F7  rgba(133,227,247,1)
17,14: (215,250,253,255)  #D7FAFD  rgba(215,250,253,1)
18,14: (181,246,251,255)  #B5F6FB  rgba(181,246,251,1)
19,14: (121,213,229,255)  #79D5E5  rgba(121,213,229,1)
20,14: (155,163,164,255)  #9BA3A4  rgba(155,163,164,1)
21,14: (249,249,249,255)  #F9F9F9  rgba(249,249,249,1)
22,14: (173,173,173,255)  #ADADAD  grey68
23,14: (158,158,158,255)  #9E9E9E  grey62
0,15: (192,192,192,255)  #C0C0C0  silver
1,15: (253,253,253,255)  #FDFDFD  rgba(253,253,253,1)
2,15: (140,140,140,255)  #8C8C8C  grey55
3,15: (122,123,124,255)  #7A7B7C  rgba(122,123,124,1)
4,15: (150,195,200,255)  #96C3C8  rgba(150,195,200,1)
5,15: (165,232,246,255)  #A5E8F6  rgba(165,232,246,1)
6,15: (184,229,252,255)  #B8E5FC  rgba(184,229,252,1)
7,15: (192,239,254,255)  #C0EFFE  rgba(192,239,254,1)
8,15: (139,240,250,255)  #8BF0FA  rgba(139,240,250,1)
9,15: (101,201,247,255)  #65C9F7  rgba(101,201,247,1)
10,15: (127,223,246,255)  #7FDFF6  rgba(127,223,246,1)
11,15: (126,208,249,255)  #7ED0F9  rgba(126,208,249,1)
12,15: (224,251,254,255)  #E0FBFE  rgba(224,251,254,1)
13,15: (197,249,254,255)  #C5F9FE  rgba(197,249,254,1)
14,15: (120,209,247,255)  #78D1F7  rgba(120,209,247,1)
15,15: (107,212,245,255)  #6BD4F5  rgba(107,212,245,1)
16,15: (204,241,250,255)  #CCF1FA  rgba(204,241,250,1)
17,15: (196,250,254,255)  #C4FAFE  rgba(196,250,254,1)
18,15: (137,238,248,255)  #89EEF8  rgba(137,238,248,1)
19,15: (136,196,209,255)  #88C4D1  rgba(136,196,209,1)
20,15: (179,181,181,255)  #B3B5B5  rgba(179,181,181,1)
21,15: (247,247,247,255)  #F7F7F7  grey97
22,15: (149,149,149,255)  #959595  rgba(149,149,149,1)
23,15: (154,154,154,255)  #9A9A9A  rgba(154,154,154,1)
0,16: (193,193,193,255)  #C1C1C1  rgba(193,193,193,1)
1,16: (230,230,230,255)  #E6E6E6  rgba(230,230,230,1)
2,16: (170,170,170,255)  #AAAAAA  rgba(170,170,170,1)
3,16: (140,140,140,255)  #8C8C8C  grey55
4,16: (130,138,139,255)  #828A8B  rgba(130,138,139,1)
5,16: (149,220,231,255)  #95DCE7  rgba(149,220,231,1)
6,16: (126,231,247,255)  #7EE7F7  rgba(126,231,247,1)
7,16: (183,216,252,255)  #B7D8FC  rgba(183,216,252,1)
8,16: (198,250,254,255)  #C6FAFE  rgba(198,250,254,1)
9,16: (190,240,253,255)  #BEF0FD  rgba(190,240,253,1)
10,16: (190,244,253,255)  #BEF4FD  rgba(190,244,253,1)
11,16: (216,249,254,255)  #D8F9FE  rgba(216,249,254,1)
12,16: (202,243,254,255)  #CAF3FE  rgba(202,243,254,1)
13,16: (164,228,250,255)  #A4E4FA  rgba(164,228,250,1)
14,16: (105,206,247,255)  #69CEF7  rgba(105,206,247,1)
15,16: (126,220,249,255)  #7EDCF9  rgba(126,220,249,1)
16,16: (194,249,253,255)  #C2F9FD  rgba(194,249,253,1)
17,16: (185,248,253,255)  #B9F8FD  rgba(185,248,253,1)
18,16: (155,223,240,255)  #9BDFF0  rgba(155,223,240,1)
19,16: (149,170,175,255)  #95AAAF  rgba(149,170,175,1)
20,16: (216,217,217,255)  #D8D9D9  rgba(216,217,217,1)
21,16: (222,222,222,255)  #DEDEDE  grey87
22,16: (113,113,113,255)  #717171  rgba(113,113,113,1)
23,16: (148,148,148,255)  #949494  grey58
0,17: (222,222,222,255)  #DEDEDE  grey87
1,17: (183,183,183,255)  #B7B7B7  rgba(183,183,183,1)
2,17: (197,197,197,255)  #C5C5C5  rgba(197,197,197,1)
3,17: (155,155,155,255)  #9B9B9B  rgba(155,155,155,1)
4,17: (130,130,130,255)  #828282  grey51
5,17: (144,162,166,255)  #90A2A6  rgba(144,162,166,1)
6,17: (178,226,240,255)  #B2E2F0  rgba(178,226,240,1)
7,17: (124,225,247,255)  #7CE1F7  rgba(124,225,247,1)
8,17: (160,217,251,255)  #A0D9FB  rgba(160,217,251,1)
9,17: (210,248,252,255)  #D2F8FC  rgba(210,248,252,1)
10,17: (197,249,253,255)  #C5F9FD  rgba(197,249,253,1)
11,17: (192,243,253,255)  #C0F3FD  rgba(192,243,253,1)
12,17: (210,241,250,255)  #D2F1FA  rgba(210,241,250,1)
13,17: (126,228,247,255)  #7EE4F7  rgba(126,228,247,1)
14,17: (123,231,248,255)  #7BE7F8  rgba(123,231,248,1)
15,17: (186,245,252,255)  #BAF5FC  rgba(186,245,252,1)
16,17: (239,250,254,255)  #EFFAFE  rgba(239,250,254,1)
17,17: (176,236,248,255)  #B0ECF8  rgba(176,236,248,1)
18,17: (178,200,205,255)  #B2C8CD  rgba(178,200,205,1)
19,17: (178,178,178,255)  #B2B2B2  rgba(178,178,178,1)
20,17: (251,251,251,255)  #FBFBFB  rgba(251,251,251,1)
21,17: (180,180,180,255)  #B4B4B4  rgba(180,180,180,1)
22,17: (102,102,102,255)  #666666  grey40
23,17: (163,163,163,255)  #A3A3A3  grey64
0,18: (247,247,247,255)  #F7F7F7  grey97
1,18: (173,173,173,255)  #ADADAD  grey68
2,18: (195,195,195,255)  #C3C3C3  rgba(195,195,195,1)
3,18: (170,170,170,255)  #AAAAAA  rgba(170,170,170,1)
4,18: (154,154,154,255)  #9A9A9A  rgba(154,154,154,1)
5,18: (131,132,132,255)  #838484  rgba(131,132,132,1)
6,18: (153,175,180,255)  #99AFB4  rgba(153,175,180,1)
7,18: (188,226,237,255)  #BCE2ED  rgba(188,226,237,1)
8,18: (128,231,247,255)  #80E7F7  rgba(128,231,247,1)
9,18: (115,199,246,255)  #73C7F6  rgba(115,199,246,1)
10,18: (111,219,247,255)  #6FDBF7  rgba(111,219,247,1)
11,18: (154,228,246,255)  #9AE4F6  rgba(154,228,246,1)
12,18: (120,222,247,255)  #78DEF7  rgba(120,222,247,1)
13,18: (136,225,249,255)  #88E1F9  rgba(136,225,249,1)
14,18: (180,241,253,255)  #B4F1FD  rgba(180,241,253,1)
15,18: (199,250,254,255)  #C7FAFE  rgba(199,250,254,1)
16,18: (208,237,244,255)  #D0EDF4  rgba(208,237,244,1)
17,18: (194,197,198,255)  #C2C5C6  rgba(194,197,198,1)
18,18: (165,165,165,255)  #A5A5A5  rgba(165,165,165,1)
19,18: (230,230,230,255)  #E6E6E6  rgba(230,230,230,1)
20,18: (222,222,222,255)  #DEDEDE  grey87
21,18: (120,120,120,255)  #787878  grey47
22,18: (143,143,143,255)  #8F8F8F  grey56
23,18: (171,171,171,255)  #ABABAB  grey67
0,19: (251,251,251,255)  #FBFBFB  rgba(251,251,251,1)
1,19: (207,207,207,255)  #CFCFCF  grey81
2,19: (152,152,152,255)  #989898  rgba(152,152,152,1)
3,19: (165,165,165,255)  #A5A5A5  rgba(165,165,165,1)
4,19: (165,165,165,255)  #A5A5A5  rgba(165,165,165,1)
5,19: (162,162,162,255)  #A2A2A2  rgba(162,162,162,1)
6,19: (135,137,138,255)  #87898A  rgba(135,137,138,1)
7,19: (150,161,163,255)  #96A1A3  rgba(150,161,163,1)
8,19: (184,205,209,255)  #B8CDD1  rgba(184,205,209,1)
9,19: (146,228,237,255)  #92E4ED  rgba(146,228,237,1)
10,19: (138,212,248,255)  #8AD4F8  rgba(138,212,248,1)
11,19: (143,209,249,255)  #8FD1F9  rgba(143,209,249,1)
12,19: (169,228,250,255)  #A9E4FA  rgba(169,228,250,1)
13,19: (194,244,248,255)  #C2F4F8  rgba(194,244,248,1)
14,19: (184,237,240,255)  #B8EDF0  rgba(184,237,240,1)
15,19: (146,204,222,255)  #92CCDE  rgba(146,204,222,1)
16,19: (172,173,173,255)  #ACADAD  rgba(172,173,173,1)
17,19: (171,171,171,255)  #ABABAB  grey67
18,19: (233,233,233,255)  #E9E9E9  rgba(233,233,233,1)
19,19: (239,239,239,255)  #EFEFEF  rgba(239,239,239,1)
20,19: (151,151,151,255)  #979797  rgba(151,151,151,1)
21,19: (119,119,119,255)  #777777  rgba(119,119,119,1)
22,19: (197,197,197,255)  #C5C5C5  rgba(197,197,197,1)
23,19: (175,175,175,255)  #AFAFAF  rgba(175,175,175,1)
0,20: (249,249,249,255)  #F9F9F9  rgba(249,249,249,1)
1,20: (224,224,224,255)  #E0E0E0  grey88
2,20: (176,176,176,255)  #B0B0B0  grey69
3,20: (137,137,137,255)  #898989  rgba(137,137,137,1)
4,20: (127,127,127,255)  #7F7F7F  grey50
5,20: (158,158,158,255)  #9E9E9E  grey62
6,20: (163,163,163,255)  #A3A3A3  grey64
7,20: (163,163,163,255)  #A3A3A3  grey64
8,20: (175,175,175,255)  #AFAFAF  rgba(175,175,175,1)
9,20: (170,171,171,255)  #AAABAB  rgba(170,171,171,1)
10,20: (185,190,191,255)  #B9BEBF  rgba(185,190,191,1)
11,20: (170,210,214,255)  #AAD2D6  rgba(170,210,214,1)
12,20: (166,194,202,255)  #A6C2CA  rgba(166,194,202,1)
13,20: (158,160,161,255)  #9EA0A1  rgba(158,160,161,1)
14,20: (154,155,155,255)  #9A9B9B  rgba(154,155,155,1)
15,20: (170,170,170,255)  #AAAAAA  rgba(170,170,170,1)
16,20: (206,206,206,255)  #CECECE  rgba(206,206,206,1)
17,20: (249,249,249,255)  #F9F9F9  rgba(249,249,249,1)
18,20: (224,224,224,255)  #E0E0E0  grey88
19,20: (148,148,148,255)  #949494  grey58
20,20: (112,112,112,255)  #707070  grey44
21,20: (211,211,211,255)  #D3D3D3  LightGray
22,20: (204,204,204,255)  #CCCCCC  grey80
23,20: (180,180,180,255)  #B4B4B4  rgba(180,180,180,1)
0,21: (245,245,245,255)  #F5F5F5  grey96
1,21: (218,218,218,255)  #DADADA  rgba(218,218,218,1)
2,21: (186,186,186,255)  #BABABA  grey73
3,21: (168,168,168,255)  #A8A8A8  grey66
4,21: (143,143,143,255)  #8F8F8F  grey56
5,21: (133,133,133,255)  #858585  grey52
6,21: (145,145,145,255)  #919191  grey57
7,21: (155,155,155,255)  #9B9B9B  rgba(155,155,155,1)
8,21: (175,175,175,255)  #AFAFAF  rgba(175,175,175,1)
9,21: (202,202,202,255)  #CACACA  rgba(202,202,202,1)
10,21: (213,213,213,255)  #D5D5D5  rgba(213,213,213,1)
11,21: (204,204,204,255)  #CCCCCC  grey80
12,21: (206,206,206,255)  #CECECE  rgba(206,206,206,1)
13,21: (233,233,233,255)  #E9E9E9  rgba(233,233,233,1)
14,21: (247,247,247,255)  #F7F7F7  grey97
15,21: (247,247,247,255)  #F7F7F7  grey97
16,21: (230,230,230,255)  #E6E6E6  rgba(230,230,230,1)
17,21: (186,186,186,255)  #BABABA  grey73
18,21: (127,127,127,255)  #7F7F7F  grey50
19,21: (117,117,117,255)  #757575  grey46
20,21: (218,218,218,255)  #DADADA  rgba(218,218,218,1)
21,21: (237,237,237,255)  #EDEDED  grey93
22,21: (202,202,202,255)  #CACACA  rgba(202,202,202,1)
23,21: (183,183,183,255)  #B7B7B7  rgba(183,183,183,1)
0,22: (245,245,245,255)  #F5F5F5  grey96
1,22: (218,218,218,255)  #DADADA  rgba(218,218,218,1)
2,22: (192,192,192,255)  #C0C0C0  silver
3,22: (180,180,180,255)  #B4B4B4  rgba(180,180,180,1)
4,22: (170,170,170,255)  #AAAAAA  rgba(170,170,170,1)
5,22: (152,152,152,255)  #989898  rgba(152,152,152,1)
6,22: (130,130,130,255)  #828282  grey51
7,22: (128,128,128,255)  #808080  fractal
8,22: (143,143,143,255)  #8F8F8F  grey56
9,22: (145,145,145,255)  #919191  grey57
10,22: (152,152,152,255)  #989898  rgba(152,152,152,1)
11,22: (173,173,173,255)  #ADADAD  grey68
12,22: (193,193,193,255)  #C1C1C1  rgba(193,193,193,1)
13,22: (197,197,197,255)  #C5C5C5  rgba(197,197,197,1)
14,22: (183,183,183,255)  #B7B7B7  rgba(183,183,183,1)
15,22: (155,155,155,255)  #9B9B9B  rgba(155,155,155,1)
16,22: (127,127,127,255)  #7F7F7F  grey50
17,22: ( 99, 99, 99,255)  #636363  grey39
18,22: (142,142,142,255)  #8E8E8E  rgba(142,142,142,1)
19,22: (224,224,224,255)  #E0E0E0  grey88
20,22: (243,243,243,255)  #F3F3F3  rgba(243,243,243,1)
21,22: (222,222,222,255)  #DEDEDE  grey87
22,22: (207,207,207,255)  #CFCFCF  grey81
23,22: (181,181,181,255)  #B5B5B5  grey71
0,23: (245,245,245,255)  #F5F5F5  grey96
1,23: (218,218,218,255)  #DADADA  rgba(218,218,218,1)
2,23: (193,193,193,255)  #C1C1C1  rgba(193,193,193,1)
3,23: (178,178,178,255)  #B2B2B2  rgba(178,178,178,1)
4,23: (165,165,165,255)  #A5A5A5  rgba(165,165,165,1)
5,23: (170,170,170,255)  #AAAAAA  rgba(170,170,170,1)
6,23: (160,160,160,255)  #A0A0A0  rgba(160,160,160,1)
7,23: (155,155,155,255)  #9B9B9B  rgba(155,155,155,1)
8,23: (158,158,158,255)  #9E9E9E  grey62
9,23: (152,152,152,255)  #989898  rgba(152,152,152,1)
10,23: (149,149,149,255)  #959595  rgba(149,149,149,1)
11,23: (152,152,152,255)  #989898  rgba(152,152,152,1)
12,23: (160,160,160,255)  #A0A0A0  rgba(160,160,160,1)
13,23: (162,162,162,255)  #A2A2A2  rgba(162,162,162,1)
14,23: (155,155,155,255)  #9B9B9B  rgba(155,155,155,1)
15,23: (157,157,157,255)  #9D9D9D  rgba(157,157,157,1)
16,23: (155,155,155,255)  #9B9B9B  rgba(155,155,155,1)
17,23: (192,192,192,255)  #C0C0C0  silver
18,23: (237,237,237,255)  #EDEDED  grey93
19,23: (249,249,249,255)  #F9F9F9  rgba(249,249,249,1)
20,23: (233,233,233,255)  #E9E9E9  rgba(233,233,233,1)
21,23: (220,220,220,255)  #DCDCDC  gainsboro
22,23: (209,209,209,255)  #D1D1D1  grey82
23,23: (181,181,181,255)  #B5B5B5  grey71
